0.0,0.0,0.0,0.0,0.0,0.0,0.0,0.0,0.03
0.0,0.0,0.0,0.0,0.0,0.0,0.0,0.0,0.05
0.0,0.0,0.0,0.0,0.0,0.0,0.0,0.0,0.08
0.0,0.0,0.0,0.0,0.0,0.0,0.0,0.0,0.11
0.0,0.0,0.0,0.0,0.0,0.0,0.0,0.0,0.13
0.0,0.0,0.0,0.0,0.0,0.0,0.0,0.0,0.14
0.0,0.0,0.0,0.0,0.0,0.0,0.0,0.0,0.16
0.0,0.0,0.0,0.0,0.0,0.0,0.0,0.0,0.18
0.0,0.0,0.0,0.0,0.0,0.0,0.0,0.0,0.19
0.0,0.0,0.0,0.0,0.0,0.0,0.0,0.0,0.2
1.0,0.0,0.0,0.0,0.0,0.0,0.0,0.0,0.22
1.0,0.0,0.0,0.0,0.0,0.0,0.0,0.0,0.24
1.0,0.0,0.0,0.0,0.0,0.0,0.0,0.0,0.25
1.0,0.0,0.0,0.0,0.0,0.0,0.0,0.0,0.27
1.0,0.0,0.0,0.0,0.0,0.0,0.0,0.0,0.28
1.0,0.0,0.0,0.0,0.0,0.0,0.0,0.0,0.3
1.0,0.0,0.0,0.0,0.0,0.0,0.0,0.0,0.32
1.0,0.0,0.0,0.0,0.0,0.0,0.0,0.0,0.33
1.0,0.0,0.0,0.0,0.0,0.0,0.0,0.0,0.35
1.0,0.0,0.0,0.0,0.0,0.0,0.0,0.0,0.36
1.0,0.0,0.0,0.0,0.0,0.0,0.0,0.0,0.38
1.0,0.0,0.0,0.0,0.0,0.0,0.0,0.0,0.39
1.0,0.0,0.0,0.0,0.0,0.0,0.0,0.0,0.41
1.0,0.0,0.0,0.0,0.0,0.0,0.0,0.0,0.43
1.0,0.0,0.0,0.0,0.0,0.0,0.0,0.0,0.44
1.0,0.0,0.0,0.0,0.0,0.0,0.0,0.0,0.46
1.0,0.0,0.0,0.0,0.0,0.0,0.0,0.0,0.47
1.0,0.0,0.0,0.0,0.0,0.0,0.0,0.0,0.49
1.0,0.0,0.0,0.0,0.0,0.0,0.0,0.0,0.5
1.0,0.0,0.0,0.0,0.0,0.0,0.0,0.0,0.52
1.0,0.0,0.0,0.0,0.0,0.0,0.0,0.0,0.54
1.0,0.0,0.0,0.0,0.0,0.0,0.0,0.0,0.55
1.0,0.0,0.0,0.0,0.0,0.0,0.0,0.0,0.57
1.0,0.0,0.0,0.0,0.0,0.0,0.0,0.0,0.59
1.0,0.0,0.0,0.0,0.0,0.0,0.0,0.0,0.6
1.0,0.0,0.0,0.0,0.0,0.0,0.0,0.0,0.62
1.0,0.0,0.0,0.0,0.0,0.0,0.0,0.0,0.63
1.0,0.0,0.0,0.0,0.0,0.0,0.0,0.0,0.65
1.0,0.0,0.0,0.0,0.0,0.0,0.0,0.0,0.68
1.0,0.0,0.0,0.0,0.0,0.0,0.0,0.0,0.69
1.0,0.0,0.0,0.0,0.0,0.0,0.0,0.0,0.71
1.0,0.0,0.0,0.0,0.0,0.0,0.0,0.0,0.73
1.0,0.0,0.0,0.0,0.0,0.0,0.0,0.0,0.74
1.0,0.0,0.0,0.0,0.0,0.0,0.0,0.0,0.76
1.0,0.0,0.0,0.0,0.0,0.0,0.0,0.0,0.78
1.0,0.0,0.0,0.0,0.0,0.0,0.0,0.0,0.79
1.0,0.0,0.0,0.0,0.0,0.0,0.0,0.0,0.81
1.0,0.0,0.0,0.0,0.0,0.0,0.0,0.0,0.83
1.0,0.0,0.0,0.0,0.0,0.0,0.0,0.0,0.85
1.0,0.0,0.0,0.0,0.0,0.0,0.0,0.0,0.86
1.0,0.0,0.0,0.0,0.0,0.0,0.0,0.0,0.88
1.0,0.0,0.0,0.0,0.0,0.0,0.0,0.0,0.89
1.0,0.0,0.0,0.0,0.0,0.0,0.0,0.0,0.91
1.0,0.0,0.0,0.0,0.0,0.0,0.0,0.0,0.93
1.0,0.0,0.0,0.0,0.0,0.0,0.0,0.0,0.94
1.0,0.0,0.0,0.0,0.0,0.0,0.0,0.0,0.96
1.0,0.0,0.0,0.0,0.0,0.0,0.0,0.0,0.97
1.0,0.0,0.0,0.0,0.0,0.0,0.0,0.0,0.99
1.0,0.0,0.0,0.0,0.0,0.0,0.0,0.0,1.0
1.0,0.0,0.0,0.0,0.0,0.0,0.0,0.0,1.02
1.0,0.0,0.0,0.0,0.0,0.0,0.0,0.0,1.04
1.0,0.0,0.0,0.0,0.0,0.0,0.0,0.0,1.05
1.0,0.0,0.0,0.0,0.0,0.0,0.0,0.0,1.07
1.0,0.0,0.0,0.0,0.0,0.0,0.0,0.0,1.08
1.0,0.0,0.0,0.0,0.0,0.0,0.0,0.0,1.1
1.0,0.0,0.0,0.0,0.0,0.0,0.0,0.0,1.12
1.0,0.0,0.0,0.0,0.0,0.0,0.0,0.0,1.13
1.0,0.0,0.0,0.0,0.0,0.0,0.0,0.0,1.15
1.0,0.0,0.0,0.0,0.0,0.0,0.0,0.0,1.16
1.0,0.0,0.0,0.0,0.0,0.0,0.0,0.0,1.18
1.0,0.0,0.0,0.0,0.0,0.0,0.0,0.0,1.2
1.0,0.0,0.0,0.0,0.0,0.0,0.0,0.0,1.21
1.0,0.0,0.0,0.0,0.0,0.0,0.0,0.0,1.23
1.0,0.0,0.0,0.0,0.0,0.0,0.0,0.0,1.25
1.0,0.0,0.0,0.0,0.0,0.0,0.0,0.0,1.26
1.0,0.0,0.0,0.0,0.0,0.0,0.0,0.0,1.28
1.0,0.0,0.0,0.0,0.0,0.0,0.0,0.0,1.3
1.0,0.0,0.0,0.0,0.0,0.0,0.0,0.0,1.31
1.0,0.0,0.0,0.0,0.0,0.0,0.0,0.0,1.33
1.0,0.0,0.0,0.0,0.0,0.0,0.0,0.0,1.35
1.0,0.0,0.0,0.0,0.0,0.0,0.0,0.0,1.36
1.0,0.0,0.0,0.0,0.0,0.0,0.0,0.0,1.38
1.0,0.0,0.0,0.0,0.0,0.0,0.0,0.0,1.39
1.0,0.0,0.0,0.0,0.0,0.0,0.0,0.0,1.41
1.0,0.0,0.0,0.0,0.0,0.0,0.0,0.0,1.43
1.0,0.0,0.0,0.0,0.0,0.0,0.0,0.0,1.44
1.0,0.0,0.0,0.0,0.0,0.0,0.0,0.0,1.46
1.0,0.0,0.0,0.0,0.0,0.0,0.0,0.0,1.47
1.0,0.0,0.0,0.0,0.0,0.0,0.0,0.0,1.49
1.0,0.0,0.0,0.0,0.0,0.0,0.0,0.0,1.51
1.0,0.0,0.0,0.0,0.0,0.0,0.0,0.0,1.52
1.0,0.0,0.0,0.0,0.0,0.0,0.0,0.0,1.54
1.0,0.0,0.0,0.0,0.0,0.0,0.0,0.0,1.55
1.0,0.0,0.0,0.0,0.0,0.0,0.0,0.0,1.57
1.0,0.0,0.0,0.0,0.0,0.0,0.0,0.0,1.58
1.0,0.0,0.0,0.0,0.0,0.0,0.0,0.0,1.6
1.0,0.0,0.0,0.0,0.0,0.0,0.0,0.0,1.62
1.0,0.0,0.0,0.0,0.0,0.0,0.0,0.0,1.63
1.0,0.0,0.0,0.0,0.0,0.0,0.0,0.0,1.65
1.0,0.0,0.0,0.0,0.0,0.0,0.0,0.0,1.67
1.0,0.0,0.0,0.0,0.0,0.0,0.0,0.0,1.68
1.0,0.0,0.0,0.0,0.0,0.0,0.0,0.0,1.7
0.0,0.0,0.0,0.0,0.0,0.0,0.0,0.0,1.71
0.0,0.0,0.0,0.0,0.0,0.0,0.0,0.0,1.73
0.0,0.0,0.0,0.0,0.0,0.0,0.0,0.0,1.74
0.0,0.0,0.0,0.0,0.0,0.0,0.0,0.0,1.76
0.0,0.0,0.0,0.0,0.0,0.0,0.0,0.0,1.77
0.0,0.0,0.0,0.0,0.0,0.0,0.0,0.0,1.79
0.0,0.0,0.0,0.0,0.0,0.0,0.0,0.0,1.8
0.0,0.0,0.0,0.0,0.0,0.0,0.0,0.0,1.82
0.0,0.0,0.0,0.0,0.0,0.0,0.0,0.0,1.83
0.0,0.0,0.0,0.0,0.0,0.0,0.0,0.0,1.85
0.0,0.0,0.0,0.0,0.0,0.0,0.0,0.0,1.86
0.0,0.0,0.0,0.0,0.0,0.0,0.0,0.0,1.88
0.0,0.0,0.0,0.0,0.0,0.0,0.0,0.0,1.89
0.0,0.0,0.0,0.0,0.0,0.0,0.0,0.0,1.9
0.0,0.0,0.0,0.0,0.0,0.0,0.0,0.0,1.92
0.0,0.0,0.0,0.0,0.0,0.0,0.0,0.0,1.93
0.0,0.0,0.0,0.0,0.0,0.0,0.0,0.0,1.95
0.0,0.0,0.0,0.0,0.0,0.0,0.0,0.0,1.96
0.0,0.0,0.0,0.0,0.0,0.0,0.0,0.0,1.98
0.0,0.0,0.0,0.0,0.0,0.0,0.0,0.0,1.99
0.0,0.0,0.0,0.0,0.0,0.0,0.0,0.0,2.01
0.0,0.0,0.0,0.0,0.0,0.0,0.0,0.0,2.02
0.0,0.0,0.0,0.0,0.0,0.0,0.0,0.0,2.04
0.0,0.0,0.0,0.0,0.0,0.0,0.0,0.0,2.05
0.0,0.0,0.0,0.0,0.0,0.0,0.0,0.0,2.07
0.0,0.0,0.0,0.0,0.0,0.0,0.0,0.0,2.08
0.0,0.0,0.0,0.0,0.0,0.0,0.0,0.0,2.1
0.0,0.0,0.0,0.0,0.0,0.0,0.0,0.0,2.11
0.0,0.0,0.0,0.0,0.0,0.0,0.0,0.0,2.13
0.0,0.0,0.0,0.0,0.0,0.0,0.0,0.0,2.14
0.0,0.0,0.0,0.0,0.0,0.0,0.0,0.0,2.16
0.0,0.0,0.0,0.0,0.0,0.0,0.0,0.0,2.17
0.0,0.0,0.0,0.0,0.0,0.0,0.0,0.0,2.19
0.0,0.0,0.0,0.0,0.0,0.0,0.0,0.0,2.2
0.0,0.0,0.0,0.0,0.0,0.0,0.0,0.0,2.22
0.0,0.0,0.0,0.0,0.0,0.0,0.0,0.0,2.23
0.0,0.0,0.0,0.0,0.0,0.0,0.0,0.0,2.25
0.0,0.0,0.0,0.0,0.0,0.0,0.0,0.0,2.26
0.0,0.0,0.0,0.0,0.0,0.0,0.0,0.0,2.28
0.0,0.0,0.0,0.0,0.0,0.0,0.0,0.0,2.29
0.0,0.0,0.0,0.0,0.0,0.0,0.0,0.0,2.31
0.0,0.0,0.0,0.0,0.0,0.0,0.0,0.0,2.32
0.0,0.0,0.0,0.0,0.0,0.0,0.0,0.0,2.34
0.0,0.0,0.0,0.0,0.0,0.0,0.0,0.0,2.35
0.0,0.0,0.0,0.0,0.0,0.0,0.0,0.0,2.37
0.0,0.0,0.0,0.0,0.0,0.0,0.0,0.0,2.38
0.0,0.0,0.0,0.0,0.0,0.0,0.0,0.0,2.39
0.0,0.0,0.0,0.0,0.0,0.0,0.0,0.0,2.41
0.0,0.0,0.0,0.0,0.0,0.0,0.0,0.0,2.42
0.0,0.0,0.0,0.0,0.0,0.0,0.0,0.0,2.44
0.0,0.0,0.0,0.0,0.0,0.0,0.0,0.0,2.45
0.0,0.0,0.0,0.0,0.0,0.0,0.0,0.0,2.47
0.0,0.0,0.0,0.0,0.0,0.0,0.0,0.0,2.48
0.0,0.0,0.0,0.0,0.0,1.0,0.0,0.0,2.5
0.0,0.0,0.0,0.0,0.0,1.0,0.0,0.0,2.51
0.0,0.0,0.0,0.0,0.0,0.0,0.0,0.0,2.52
0.0,0.0,0.0,0.0,0.0,0.0,0.0,0.0,2.54
0.0,0.0,0.0,0.0,0.0,0.0,0.0,0.0,2.55
0.0,0.0,0.0,0.0,0.0,0.0,0.0,0.0,2.57
0.0,0.0,0.0,0.0,0.0,0.0,0.0,0.0,2.58
0.0,0.0,0.0,0.0,0.0,0.0,0.0,0.0,2.6
0.0,0.0,0.0,0.0,0.0,0.0,0.0,0.0,2.61
0.0,0.0,0.0,0.0,0.0,0.0,0.0,0.0,2.63
0.0,0.0,0.0,0.0,0.0,0.0,0.0,0.0,2.64
0.0,0.0,0.0,0.0,0.0,0.0,0.0,0.0,2.66
0.0,0.0,0.0,0.0,0.0,0.0,0.0,0.0,2.68
0.0,0.0,0.0,0.0,0.0,0.0,0.0,0.0,2.69
0.0,0.0,0.0,0.0,0.0,0.0,0.0,0.0,2.71
0.0,0.0,0.0,0.0,0.0,0.0,0.0,0.0,2.72
0.0,0.0,0.0,0.0,0.0,0.0,0.0,0.0,2.74
0.0,0.0,0.0,0.0,0.0,0.0,0.0,0.0,2.76
0.0,0.0,0.0,0.0,0.0,0.0,0.0,0.0,2.77
0.0,0.0,0.0,0.0,0.0,0.0,0.0,0.0,2.79
0.0,0.0,0.0,0.0,0.0,0.0,0.0,0.0,2.8
0.0,0.0,0.0,0.0,0.0,0.0,0.0,0.0,2.82
0.0,0.0,0.0,0.0,0.0,0.0,0.0,0.0,2.83
0.0,0.0,0.0,0.0,0.0,0.0,0.0,0.0,2.85
0.0,0.0,0.0,0.0,0.0,0.0,0.0,0.0,2.87
0.0,0.0,0.0,0.0,0.0,0.0,0.0,0.0,2.88
0.0,0.0,0.0,0.0,0.0,0.0,0.0,0.0,2.9
0.0,0.0,0.0,0.0,0.0,0.0,0.0,0.0,2.91
0.0,0.0,0.0,0.0,0.0,0.0,0.0,0.0,2.93
0.0,0.0,0.0,0.0,0.0,0.0,0.0,0.0,2.94
0.0,0.0,0.0,0.0,0.0,0.0,0.0,0.0,2.96
0.0,0.0,0.0,0.0,0.0,0.0,0.0,0.0,2.97
0.0,0.0,0.0,0.0,0.0,0.0,0.0,0.0,2.98
0.0,0.0,0.0,0.0,0.0,0.0,0.0,0.0,3.0
0.0,0.0,0.0,0.0,0.0,0.0,0.0,0.0,3.01
0.0,0.0,0.0,0.0,0.0,0.0,0.0,0.0,3.03
0.0,0.0,0.0,0.0,0.0,0.0,0.0,0.0,3.04
0.0,0.0,0.0,0.0,0.0,0.0,0.0,0.0,3.06
0.0,0.0,0.0,0.0,0.0,0.0,0.0,0.0,3.07
0.0,0.0,0.0,0.0,0.0,0.0,0.0,0.0,3.09
0.0,0.0,0.0,0.0,0.0,0.0,0.0,0.0,3.1
0.0,0.0,0.0,0.0,0.0,0.0,0.0,0.0,3.12
0.0,0.0,0.0,0.0,0.0,0.0,0.0,0.0,3.13
0.0,0.0,0.0,0.0,0.0,0.0,0.0,0.0,3.15
0.0,0.0,0.0,0.0,0.0,0.0,0.0,0.0,3.16
0.0,0.0,0.0,0.0,0.0,0.0,0.0,0.0,3.18
0.0,0.0,0.0,0.0,0.0,0.0,0.0,0.0,3.19
0.0,0.0,0.0,0.0,0.0,0.0,0.0,0.0,3.21
0.0,0.0,0.0,0.0,0.0,0.0,0.0,0.0,3.22
0.0,0.0,0.0,0.0,0.0,0.0,0.0,0.0,3.24
0.0,0.0,0.0,0.0,0.0,0.0,0.0,0.0,3.25
0.0,0.0,0.0,0.0,0.0,0.0,0.0,0.0,3.27
0.0,0.0,0.0,0.0,0.0,0.0,0.0,0.0,3.28
0.0,0.0,0.0,0.0,0.0,0.0,0.0,0.0,3.3
0.0,0.0,0.0,0.0,0.0,0.0,0.0,0.0,3.31
0.0,0.0,0.0,0.0,0.0,0.0,0.0,0.0,3.32
0.0,0.0,0.0,0.0,0.0,0.0,0.0,0.0,3.34
0.0,0.0,0.0,0.0,0.0,0.0,0.0,0.0,3.35
0.0,0.0,0.0,0.0,0.0,0.0,0.0,0.0,3.37
0.0,0.0,0.0,0.0,0.0,0.0,0.0,0.0,3.38
0.0,0.0,0.0,0.0,0.0,0.0,0.0,0.0,3.4
0.0,0.0,0.0,0.0,0.0,0.0,0.0,0.0,3.41
0.0,0.0,0.0,0.0,0.0,0.0,0.0,0.0,3.43
0.0,0.0,0.0,0.0,0.0,0.0,0.0,0.0,3.44
0.0,0.0,0.0,0.0,0.0,0.0,0.0,0.0,3.46
0.0,0.0,0.0,0.0,0.0,0.0,0.0,0.0,3.47
0.0,0.0,0.0,0.0,0.0,0.0,0.0,0.0,3.49
0.0,0.0,0.0,0.0,0.0,0.0,0.0,0.0,3.5
0.0,0.0,0.0,0.0,0.0,0.0,0.0,0.0,3.52
0.0,0.0,0.0,0.0,0.0,0.0,0.0,0.0,3.53
0.0,0.0,0.0,0.0,0.0,0.0,0.0,0.0,3.55
0.0,0.0,0.0,0.0,0.0,0.0,0.0,0.0,3.56
0.0,0.0,0.0,0.0,0.0,0.0,0.0,0.0,3.58
0.0,0.0,0.0,0.0,0.0,0.0,0.0,0.0,3.59
0.0,0.0,0.0,0.0,0.0,0.0,0.0,0.0,3.61
0.0,0.0,0.0,0.0,0.0,0.0,0.0,0.0,3.62
0.0,0.0,0.0,0.0,0.0,0.0,0.0,0.0,3.64
0.0,0.0,0.0,0.0,0.0,0.0,0.0,0.0,3.65
0.0,0.0,0.0,0.0,0.0,0.0,0.0,0.0,3.67
0.0,0.0,0.0,0.0,0.0,0.0,0.0,0.0,3.68
0.0,0.0,0.0,0.0,0.0,0.0,0.0,0.0,3.7
0.0,0.0,0.0,0.0,0.0,0.0,0.0,0.0,3.72
0.0,0.0,0.0,0.0,0.0,0.0,0.0,0.0,3.73
0.0,0.0,0.0,0.0,0.0,0.0,0.0,0.0,3.75
0.0,0.0,0.0,0.0,0.0,0.0,0.0,0.0,3.77
0.0,0.0,0.0,0.0,0.0,0.0,0.0,0.0,3.79
0.0,0.0,0.0,0.0,0.0,0.0,0.0,0.0,3.8
0.0,0.0,0.0,0.0,0.0,0.0,0.0,0.0,3.82
0.0,0.0,0.0,0.0,0.0,0.0,0.0,0.0,3.83
0.0,0.0,0.0,0.0,0.0,0.0,0.0,0.0,3.85
0.0,0.0,0.0,0.0,0.0,0.0,0.0,0.0,3.87
0.0,0.0,0.0,0.0,0.0,0.0,0.0,0.0,3.88
0.0,0.0,0.0,0.0,0.0,0.0,0.0,0.0,3.9
0.0,0.0,0.0,0.0,0.0,0.0,0.0,0.0,3.91
0.0,0.0,0.0,0.0,0.0,0.0,0.0,0.0,3.93
0.0,0.0,0.0,0.0,0.0,0.0,0.0,0.0,3.94
0.0,0.0,0.0,0.0,0.0,0.0,0.0,0.0,3.96
0.0,0.0,0.0,0.0,0.0,0.0,0.0,0.0,3.97
0.0,0.0,0.0,0.0,0.0,0.0,0.0,0.0,3.99
0.0,0.0,0.0,0.0,0.0,0.0,0.0,0.0,4.01
0.0,0.0,0.0,0.0,0.0,0.0,0.0,0.0,4.02
0.0,0.0,0.0,0.0,0.0,0.0,0.0,0.0,4.03
0.0,0.0,0.0,0.0,0.0,0.0,0.0,0.0,4.05
0.0,0.0,0.0,0.0,0.0,0.0,0.0,0.0,4.06
0.0,0.0,0.0,0.0,0.0,0.0,0.0,0.0,4.08
0.0,0.0,0.0,0.0,0.0,0.0,0.0,0.0,4.09
0.0,0.0,0.0,0.0,0.0,0.0,0.0,0.0,4.11
0.0,0.0,0.0,0.0,0.0,0.0,0.0,0.0,4.12
0.0,0.0,0.0,0.0,0.0,0.0,0.0,0.0,4.14
0.0,0.0,0.0,0.0,0.0,0.0,0.0,0.0,4.15
0.0,0.0,0.0,0.0,0.0,0.0,0.0,0.0,4.17
0.0,0.0,0.0,0.0,0.0,0.0,0.0,0.0,4.18
0.0,0.0,0.0,0.0,0.0,0.0,0.0,0.0,4.2
0.0,0.0,0.0,0.0,0.0,0.0,0.0,0.0,4.21
0.0,0.0,0.0,0.0,0.0,0.0,0.0,0.0,4.23
0.0,0.0,0.0,0.0,0.0,0.0,0.0,0.0,4.24
0.0,0.0,0.0,0.0,0.0,0.0,0.0,0.0,4.26
0.0,0.0,0.0,0.0,0.0,0.0,0.0,0.0,4.27
0.0,0.0,0.0,0.0,0.0,0.0,0.0,0.0,4.28
0.0,0.0,0.0,0.0,0.0,0.0,0.0,0.0,4.3
0.0,0.0,0.0,0.0,0.0,0.0,0.0,0.0,4.32
0.0,0.0,0.0,0.0,0.0,0.0,0.0,0.0,4.34
0.0,0.0,0.0,0.0,0.0,0.0,0.0,0.0,4.35
0.0,0.0,0.0,0.0,0.0,0.0,0.0,0.0,4.37
0.0,0.0,0.0,0.0,0.0,0.0,0.0,0.0,4.38
0.0,0.0,0.0,0.0,0.0,0.0,0.0,0.0,4.4
0.0,0.0,0.0,0.0,0.0,0.0,0.0,0.0,4.42
0.0,0.0,0.0,0.0,0.0,0.0,0.0,0.0,4.44
0.0,0.0,0.0,0.0,0.0,0.0,0.0,0.0,4.45
0.0,0.0,0.0,0.0,0.0,0.0,0.0,0.0,4.46
0.0,0.0,0.0,0.0,0.0,0.0,0.0,0.0,4.48
0.0,0.0,0.0,0.0,0.0,0.0,0.0,0.0,4.49
0.0,0.0,0.0,0.0,0.0,0.0,0.0,0.0,4.51
0.0,0.0,0.0,0.0,0.0,0.0,0.0,0.0,4.52
0.0,0.0,0.0,0.0,0.0,0.0,0.0,0.0,4.54
0.0,0.0,0.0,0.0,0.0,0.0,0.0,0.0,4.55
0.0,0.0,0.0,0.0,0.0,0.0,0.0,0.0,4.57
0.0,0.0,0.0,0.0,0.0,0.0,0.0,0.0,4.58
0.0,0.0,0.0,0.0,0.0,0.0,0.0,0.0,4.6
0.0,0.0,0.0,0.0,0.0,0.0,0.0,0.0,4.61
0.0,0.0,0.0,0.0,0.0,0.0,0.0,0.0,4.63
0.0,0.0,0.0,0.0,0.0,0.0,0.0,0.0,4.64
0.0,0.0,0.0,0.0,0.0,0.0,0.0,0.0,4.66
0.0,0.0,0.0,0.0,0.0,0.0,0.0,0.0,4.67
0.0,0.0,0.0,0.0,0.0,0.0,0.0,0.0,4.69
0.0,0.0,0.0,1.0,0.0,0.0,0.0,0.0,4.7
0.0,0.0,0.0,1.0,0.0,0.0,0.0,0.0,4.72
0.0,0.0,0.0,1.0,0.0,0.0,0.0,0.0,4.73
0.0,0.0,0.0,1.0,0.0,0.0,0.0,0.0,4.75
0.0,0.0,0.0,1.0,0.0,0.0,0.0,0.0,4.76
0.0,0.0,0.0,1.0,0.0,0.0,0.0,0.0,4.78
0.0,0.0,0.0,1.0,0.0,0.0,0.0,0.0,4.79
0.0,0.0,0.0,1.0,0.0,0.0,0.0,0.0,4.8
0.0,0.0,0.0,1.0,0.0,0.0,0.0,0.0,4.82
0.0,0.0,0.0,1.0,0.0,0.0,0.0,0.0,4.83
0.0,0.0,0.0,1.0,0.0,0.0,0.0,0.0,4.85
0.0,0.0,0.0,1.0,0.0,0.0,0.0,0.0,4.86
0.0,0.0,0.0,1.0,0.0,0.0,0.0,0.0,4.88
0.0,0.0,0.0,1.0,0.0,0.0,0.0,0.0,4.89
0.0,0.0,0.0,1.0,0.0,0.0,0.0,0.0,4.91
0.0,0.0,0.0,1.0,0.0,0.0,0.0,0.0,4.92
0.0,0.0,0.0,1.0,0.0,0.0,0.0,0.0,4.94
0.0,0.0,0.0,1.0,0.0,0.0,0.0,0.0,4.95
0.0,0.0,0.0,1.0,0.0,0.0,0.0,0.0,4.97
0.0,0.0,0.0,1.0,0.0,0.0,0.0,0.0,4.98
0.0,0.0,0.0,1.0,0.0,0.0,0.0,0.0,5.0
0.0,0.0,0.0,1.0,0.0,0.0,0.0,0.0,5.01
0.0,0.0,0.0,1.0,0.0,0.0,0.0,0.0,5.03
0.0,0.0,0.0,1.0,0.0,0.0,0.0,0.0,5.04
0.0,0.0,0.0,1.0,0.0,0.0,0.0,0.0,5.05
0.0,0.0,0.0,1.0,0.0,0.0,0.0,0.0,5.07
0.0,0.0,0.0,1.0,0.0,0.0,0.0,0.0,5.08
0.0,0.0,0.0,1.0,0.0,0.0,0.0,0.0,5.1
0.0,0.0,0.0,1.0,0.0,0.0,0.0,0.0,5.11
0.0,0.0,0.0,1.0,0.0,0.0,0.0,0.0,5.13
0.0,0.0,0.0,1.0,0.0,0.0,0.0,0.0,5.14
0.0,0.0,0.0,1.0,0.0,0.0,0.0,0.0,5.16
0.0,0.0,0.0,1.0,0.0,0.0,0.0,0.0,5.17
0.0,0.0,0.0,1.0,0.0,0.0,0.0,0.0,5.19
0.0,0.0,0.0,1.0,0.0,0.0,0.0,0.0,5.2
0.0,0.0,0.0,1.0,0.0,0.0,0.0,0.0,5.22
0.0,0.0,0.0,1.0,0.0,0.0,0.0,0.0,5.23
0.0,0.0,0.0,1.0,0.0,0.0,0.0,0.0,5.25
0.0,0.0,0.0,1.0,0.0,0.0,0.0,0.0,5.26
0.0,0.0,0.0,1.0,0.0,0.0,0.0,0.0,5.27
0.0,0.0,0.0,1.0,0.0,0.0,0.0,0.0,5.29
0.0,0.0,0.0,1.0,0.0,0.0,0.0,0.0,5.3
0.0,0.0,0.0,1.0,0.0,0.0,0.0,0.0,5.32
0.0,0.0,0.0,1.0,0.0,0.0,0.0,0.0,5.33
0.0,0.0,0.0,1.0,0.0,0.0,0.0,0.0,5.35
0.0,0.0,0.0,1.0,0.0,0.0,0.0,0.0,5.36
0.0,0.0,0.0,1.0,0.0,0.0,0.0,0.0,5.38
0.0,0.0,0.0,1.0,0.0,0.0,0.0,0.0,5.39
0.0,0.0,0.0,1.0,0.0,0.0,0.0,0.0,5.41
0.0,0.0,0.0,1.0,0.0,0.0,0.0,0.0,5.42
0.0,0.0,0.0,1.0,0.0,0.0,0.0,0.0,5.44
0.0,0.0,0.0,1.0,0.0,0.0,0.0,0.0,5.45
0.0,0.0,0.0,1.0,0.0,0.0,0.0,0.0,5.47
0.0,0.0,0.0,1.0,0.0,0.0,0.0,0.0,5.48
0.0,0.0,0.0,1.0,0.0,0.0,0.0,0.0,5.5
0.0,0.0,0.0,1.0,0.0,0.0,0.0,0.0,5.51
0.0,0.0,0.0,1.0,0.0,0.0,0.0,0.0,5.53
0.0,0.0,0.0,1.0,0.0,0.0,0.0,0.0,5.54
0.0,0.0,0.0,1.0,0.0,0.0,0.0,0.0,5.56
0.0,0.0,0.0,1.0,0.0,0.0,0.0,0.0,5.57
0.0,0.0,0.0,1.0,0.0,0.0,0.0,0.0,5.59
0.0,0.0,0.0,1.0,0.0,0.0,0.0,0.0,5.6
0.0,0.0,0.0,1.0,0.0,0.0,0.0,0.0,5.61
0.0,0.0,0.0,1.0,0.0,0.0,0.0,0.0,5.63
0.0,0.0,0.0,1.0,0.0,0.0,0.0,0.0,5.64
0.0,0.0,0.0,1.0,0.0,0.0,0.0,0.0,5.66
0.0,0.0,0.0,1.0,0.0,0.0,0.0,0.0,5.67
0.0,0.0,0.0,1.0,0.0,0.0,0.0,0.0,5.69
0.0,0.0,0.0,1.0,0.0,0.0,0.0,0.0,5.7
0.0,0.0,0.0,1.0,0.0,0.0,0.0,0.0,5.71
0.0,0.0,0.0,1.0,0.0,0.0,0.0,0.0,5.73
0.0,0.0,0.0,0.0,0.0,0.0,0.0,0.0,5.74
0.0,0.0,0.0,0.0,0.0,0.0,0.0,0.0,5.76
0.0,0.0,0.0,0.0,0.0,0.0,0.0,0.0,5.77
0.0,0.0,0.0,0.0,0.0,0.0,0.0,0.0,5.78
0.0,0.0,0.0,0.0,0.0,0.0,0.0,0.0,5.8
0.0,0.0,0.0,0.0,0.0,0.0,0.0,0.0,5.81
0.0,0.0,0.0,0.0,0.0,0.0,0.0,0.0,5.83
0.0,0.0,0.0,0.0,0.0,0.0,0.0,0.0,5.84
0.0,0.0,0.0,0.0,0.0,0.0,0.0,0.0,5.86
0.0,0.0,0.0,0.0,0.0,0.0,0.0,0.0,5.87
0.0,0.0,0.0,0.0,0.0,0.0,0.0,0.0,5.89
0.0,0.0,0.0,0.0,0.0,0.0,0.0,0.0,5.9
0.0,0.0,0.0,0.0,0.0,0.0,0.0,0.0,5.92
0.0,0.0,0.0,0.0,0.0,0.0,0.0,0.0,5.93
0.0,0.0,0.0,0.0,0.0,0.0,0.0,0.0,5.94
0.0,0.0,0.0,0.0,0.0,0.0,0.0,0.0,5.96
0.0,0.0,0.0,0.0,0.0,0.0,0.0,0.0,5.97
0.0,0.0,0.0,0.0,0.0,0.0,0.0,0.0,5.99
0.0,0.0,0.0,0.0,0.0,0.0,0.0,0.0,6.0
0.0,0.0,0.0,0.0,0.0,0.0,0.0,0.0,6.02
0.0,0.0,0.0,0.0,0.0,0.0,0.0,0.0,6.03
0.0,0.0,0.0,0.0,0.0,0.0,0.0,0.0,6.05
0.0,0.0,0.0,0.0,0.0,0.0,0.0,0.0,6.06
0.0,0.0,0.0,0.0,0.0,0.0,0.0,0.0,6.08
0.0,0.0,0.0,0.0,0.0,0.0,0.0,0.0,6.09
0.0,0.0,0.0,0.0,0.0,0.0,0.0,0.0,6.11
0.0,0.0,0.0,0.0,0.0,0.0,0.0,0.0,6.12
0.0,0.0,0.0,0.0,0.0,0.0,0.0,0.0,6.14
0.0,0.0,0.0,0.0,0.0,0.0,0.0,0.0,6.15
0.0,0.0,0.0,0.0,0.0,0.0,0.0,0.0,6.17
0.0,0.0,0.0,0.0,0.0,0.0,0.0,0.0,6.18
0.0,0.0,0.0,0.0,0.0,0.0,0.0,0.0,6.2
0.0,0.0,0.0,0.0,0.0,0.0,0.0,0.0,6.21
0.0,0.0,0.0,0.0,0.0,0.0,0.0,0.0,6.23
0.0,0.0,0.0,0.0,0.0,0.0,0.0,0.0,6.24
0.0,0.0,0.0,0.0,0.0,0.0,0.0,0.0,6.26
0.0,0.0,0.0,0.0,0.0,0.0,0.0,0.0,6.27
0.0,0.0,0.0,0.0,0.0,0.0,0.0,0.0,6.29
0.0,0.0,0.0,0.0,0.0,0.0,0.0,0.0,6.3
0.0,0.0,0.0,0.0,0.0,0.0,0.0,0.0,6.32
0.0,0.0,0.0,0.0,0.0,0.0,0.0,0.0,6.33
0.0,0.0,0.0,0.0,0.0,0.0,0.0,0.0,6.35
0.0,0.0,0.0,0.0,0.0,0.0,0.0,0.0,6.36
0.0,0.0,0.0,0.0,0.0,0.0,0.0,0.0,6.38
0.0,0.0,0.0,0.0,0.0,0.0,0.0,0.0,6.39
0.0,0.0,0.0,0.0,0.0,0.0,0.0,0.0,6.41
0.0,0.0,0.0,0.0,0.0,0.0,0.0,0.0,6.42
0.0,0.0,0.0,0.0,0.0,0.0,0.0,0.0,6.44
0.0,0.0,0.0,0.0,0.0,0.0,0.0,0.0,6.46
0.0,0.0,0.0,0.0,0.0,0.0,0.0,0.0,6.47
0.0,0.0,0.0,0.0,0.0,0.0,0.0,0.0,6.49
0.0,0.0,0.0,0.0,0.0,0.0,0.0,0.0,6.5
0.0,0.0,0.0,0.0,0.0,0.0,0.0,0.0,6.52
0.0,0.0,0.0,0.0,0.0,0.0,0.0,0.0,6.54
0.0,0.0,0.0,0.0,0.0,0.0,1.0,0.0,6.55
0.0,0.0,0.0,0.0,0.0,0.0,1.0,0.0,6.57
0.0,0.0,0.0,0.0,0.0,0.0,1.0,0.0,6.58
0.0,0.0,0.0,0.0,0.0,0.0,1.0,0.0,6.6
0.0,0.0,0.0,0.0,0.0,0.0,1.0,0.0,6.61
0.0,0.0,0.0,0.0,0.0,0.0,1.0,0.0,6.63
0.0,0.0,0.0,0.0,0.0,0.0,1.0,0.0,6.65
0.0,0.0,0.0,0.0,0.0,0.0,1.0,0.0,6.67
0.0,0.0,0.0,0.0,0.0,0.0,1.0,0.0,6.68
0.0,0.0,0.0,0.0,0.0,0.0,0.0,0.0,6.7
0.0,0.0,0.0,0.0,0.0,0.0,0.0,0.0,6.71
0.0,0.0,0.0,0.0,0.0,0.0,0.0,0.0,6.73
0.0,0.0,0.0,0.0,0.0,0.0,0.0,0.0,6.74
0.0,0.0,0.0,0.0,0.0,0.0,0.0,0.0,6.76
0.0,0.0,0.0,0.0,0.0,0.0,0.0,0.0,6.77
0.0,0.0,0.0,0.0,0.0,0.0,0.0,0.0,6.79
0.0,0.0,0.0,0.0,0.0,0.0,0.0,0.0,6.8
0.0,0.0,0.0,0.0,0.0,0.0,0.0,0.0,6.82
0.0,0.0,0.0,0.0,0.0,0.0,0.0,0.0,6.83
0.0,0.0,0.0,0.0,0.0,0.0,0.0,0.0,6.84
0.0,0.0,0.0,0.0,0.0,0.0,0.0,0.0,6.86
0.0,0.0,0.0,0.0,0.0,0.0,0.0,0.0,6.87
0.0,0.0,0.0,0.0,0.0,0.0,0.0,0.0,6.89
0.0,0.0,0.0,0.0,0.0,0.0,0.0,0.0,6.9
0.0,0.0,0.0,0.0,0.0,0.0,0.0,0.0,6.91
0.0,0.0,0.0,0.0,0.0,0.0,0.0,0.0,6.93
0.0,0.0,0.0,0.0,0.0,0.0,0.0,0.0,6.94
0.0,0.0,0.0,0.0,0.0,0.0,0.0,0.0,6.96
0.0,0.0,0.0,0.0,0.0,0.0,0.0,0.0,6.97
0.0,0.0,0.0,0.0,0.0,0.0,0.0,0.0,6.99
0.0,0.0,0.0,0.0,0.0,0.0,0.0,0.0,7.0
0.0,0.0,0.0,0.0,0.0,0.0,0.0,0.0,7.01
0.0,0.0,0.0,0.0,0.0,0.0,0.0,0.0,7.03
0.0,0.0,0.0,0.0,0.0,0.0,0.0,0.0,7.04
0.0,0.0,0.0,0.0,0.0,0.0,0.0,0.0,7.06
0.0,0.0,0.0,0.0,0.0,0.0,0.0,0.0,7.07
0.0,0.0,0.0,0.0,0.0,0.0,0.0,0.0,7.09
0.0,0.0,0.0,0.0,0.0,0.0,0.0,0.0,7.1
0.0,0.0,0.0,0.0,0.0,0.0,0.0,0.0,7.11
0.0,0.0,0.0,0.0,0.0,0.0,0.0,0.0,7.13
0.0,0.0,0.0,0.0,0.0,0.0,0.0,0.0,7.14
0.0,0.0,0.0,0.0,0.0,0.0,0.0,0.0,7.16
0.0,0.0,0.0,0.0,0.0,0.0,0.0,0.0,7.17
0.0,0.0,0.0,0.0,0.0,0.0,0.0,0.0,7.19
0.0,0.0,0.0,0.0,0.0,0.0,0.0,0.0,7.2
0.0,0.0,0.0,0.0,0.0,0.0,1.0,0.0,7.22
0.0,0.0,0.0,0.0,0.0,0.0,1.0,0.0,7.23
0.0,0.0,0.0,0.0,0.0,0.0,1.0,0.0,7.25
0.0,0.0,0.0,0.0,0.0,0.0,1.0,0.0,7.26
0.0,0.0,0.0,0.0,0.0,0.0,1.0,0.0,7.28
0.0,0.0,0.0,0.0,0.0,0.0,1.0,0.0,7.29
0.0,0.0,0.0,0.0,0.0,0.0,1.0,0.0,7.31
0.0,0.0,0.0,0.0,0.0,0.0,1.0,0.0,7.32
0.0,0.0,0.0,0.0,0.0,0.0,1.0,0.0,7.34
0.0,0.0,0.0,0.0,0.0,0.0,1.0,0.0,7.36
0.0,0.0,0.0,0.0,0.0,0.0,1.0,0.0,7.37
0.0,0.0,0.0,0.0,0.0,0.0,1.0,0.0,7.38
0.0,0.0,0.0,0.0,0.0,0.0,1.0,0.0,7.4
0.0,0.0,0.0,0.0,0.0,0.0,1.0,0.0,7.41
0.0,0.0,0.0,0.0,0.0,0.0,1.0,0.0,7.43
0.0,0.0,0.0,0.0,0.0,0.0,1.0,0.0,7.44
0.0,0.0,0.0,0.0,0.0,0.0,1.0,0.0,7.45
0.0,0.0,0.0,0.0,0.0,0.0,1.0,0.0,7.47
0.0,0.0,0.0,0.0,0.0,0.0,1.0,0.0,7.48
0.0,0.0,0.0,0.0,0.0,0.0,1.0,0.0,7.5
0.0,0.0,0.0,0.0,0.0,0.0,1.0,0.0,7.51
0.0,0.0,0.0,0.0,0.0,0.0,1.0,0.0,7.53
0.0,0.0,0.0,0.0,0.0,0.0,1.0,0.0,7.54
0.0,0.0,0.0,0.0,0.0,0.0,1.0,0.0,7.56
0.0,0.0,0.0,0.0,0.0,0.0,1.0,0.0,7.57
0.0,0.0,0.0,0.0,0.0,0.0,0.0,0.0,7.58
0.0,0.0,0.0,0.0,0.0,0.0,0.0,0.0,7.6
0.0,0.0,0.0,0.0,0.0,0.0,0.0,0.0,7.61
0.0,0.0,0.0,0.0,0.0,0.0,0.0,0.0,7.63
0.0,0.0,0.0,0.0,0.0,0.0,0.0,0.0,7.64
0.0,0.0,0.0,0.0,0.0,0.0,0.0,0.0,7.66
0.0,0.0,0.0,0.0,0.0,0.0,0.0,0.0,7.67
0.0,0.0,0.0,0.0,0.0,0.0,0.0,0.0,7.68
0.0,0.0,0.0,0.0,0.0,0.0,0.0,0.0,7.7
0.0,0.0,0.0,0.0,0.0,0.0,0.0,0.0,7.71
0.0,0.0,0.0,0.0,0.0,0.0,0.0,0.0,7.73
0.0,0.0,0.0,0.0,0.0,0.0,0.0,0.0,7.76
0.0,0.0,0.0,0.0,0.0,0.0,0.0,0.0,7.77
0.0,0.0,0.0,0.0,0.0,0.0,0.0,0.0,7.79
0.0,0.0,0.0,0.0,0.0,0.0,0.0,0.0,7.8
0.0,0.0,0.0,0.0,0.0,0.0,0.0,0.0,7.82
0.0,0.0,0.0,0.0,0.0,0.0,0.0,0.0,7.83
0.0,0.0,0.0,0.0,0.0,0.0,0.0,0.0,7.85
0.0,0.0,0.0,0.0,0.0,0.0,0.0,0.0,7.86
0.0,0.0,0.0,0.0,0.0,0.0,0.0,0.0,7.88
0.0,0.0,0.0,0.0,0.0,0.0,0.0,0.0,7.89
0.0,0.0,0.0,0.0,0.0,0.0,0.0,0.0,7.91
0.0,0.0,0.0,0.0,0.0,0.0,0.0,0.0,7.92
0.0,0.0,0.0,0.0,0.0,0.0,0.0,0.0,7.94
0.0,0.0,0.0,0.0,0.0,0.0,0.0,0.0,7.95
0.0,0.0,0.0,0.0,0.0,0.0,0.0,0.0,7.96
0.0,0.0,0.0,0.0,0.0,0.0,0.0,0.0,7.98
0.0,0.0,0.0,0.0,0.0,0.0,0.0,0.0,7.99
0.0,0.0,0.0,0.0,0.0,0.0,0.0,0.0,8.01
0.0,0.0,0.0,0.0,0.0,0.0,0.0,0.0,8.02
0.0,0.0,0.0,0.0,0.0,0.0,0.0,0.0,8.03
0.0,0.0,0.0,0.0,0.0,0.0,0.0,0.0,8.05
0.0,0.0,0.0,0.0,0.0,0.0,0.0,0.0,8.06
0.0,0.0,0.0,0.0,0.0,0.0,0.0,0.0,8.08
0.0,0.0,0.0,0.0,0.0,0.0,0.0,0.0,8.09
0.0,0.0,0.0,0.0,0.0,0.0,0.0,0.0,8.11
0.0,0.0,0.0,0.0,0.0,0.0,0.0,0.0,8.12
0.0,0.0,0.0,0.0,0.0,0.0,0.0,0.0,8.14
0.0,0.0,0.0,0.0,0.0,0.0,1.0,0.0,8.15
0.0,0.0,0.0,0.0,0.0,0.0,1.0,0.0,8.17
0.0,0.0,0.0,0.0,0.0,0.0,1.0,0.0,8.18
0.0,0.0,0.0,0.0,0.0,0.0,0.0,0.0,8.2
0.0,0.0,0.0,0.0,0.0,0.0,0.0,0.0,8.21
0.0,0.0,0.0,0.0,0.0,0.0,0.0,0.0,8.23
0.0,0.0,0.0,0.0,0.0,0.0,0.0,0.0,8.24
0.0,0.0,0.0,0.0,0.0,0.0,0.0,0.0,8.25
0.0,0.0,0.0,0.0,0.0,0.0,0.0,0.0,8.27
0.0,0.0,0.0,0.0,0.0,0.0,0.0,0.0,8.28
0.0,0.0,0.0,0.0,0.0,0.0,0.0,0.0,8.3
0.0,0.0,0.0,0.0,0.0,0.0,0.0,0.0,8.31
0.0,0.0,0.0,0.0,0.0,0.0,0.0,0.0,8.33
0.0,0.0,0.0,0.0,0.0,0.0,0.0,0.0,8.34
0.0,0.0,0.0,0.0,0.0,0.0,0.0,0.0,8.36
0.0,0.0,0.0,0.0,0.0,0.0,0.0,0.0,8.37
0.0,0.0,0.0,0.0,0.0,0.0,0.0,0.0,8.39
0.0,0.0,0.0,0.0,0.0,0.0,0.0,0.0,8.4
0.0,0.0,0.0,0.0,0.0,0.0,0.0,0.0,8.42
0.0,0.0,0.0,0.0,0.0,0.0,0.0,0.0,8.43
0.0,0.0,0.0,0.0,0.0,0.0,0.0,0.0,8.44
0.0,0.0,0.0,0.0,0.0,0.0,0.0,0.0,8.46
0.0,0.0,0.0,0.0,0.0,0.0,0.0,0.0,8.47
0.0,0.0,0.0,0.0,0.0,0.0,0.0,0.0,8.49
0.0,0.0,0.0,0.0,0.0,0.0,0.0,0.0,8.5
0.0,0.0,0.0,0.0,0.0,0.0,0.0,0.0,8.52
0.0,0.0,0.0,0.0,0.0,0.0,0.0,0.0,8.54
0.0,0.0,0.0,0.0,0.0,0.0,0.0,0.0,8.55
0.0,0.0,0.0,0.0,0.0,0.0,0.0,0.0,8.57
0.0,0.0,0.0,0.0,0.0,0.0,0.0,0.0,8.58
0.0,1.0,0.0,0.0,0.0,0.0,0.0,0.0,8.6
0.0,1.0,0.0,0.0,0.0,0.0,0.0,0.0,8.61
0.0,1.0,0.0,0.0,0.0,0.0,0.0,0.0,8.63
0.0,1.0,0.0,0.0,0.0,0.0,0.0,0.0,8.64
0.0,1.0,0.0,0.0,0.0,0.0,0.0,0.0,8.66
0.0,1.0,0.0,0.0,0.0,0.0,0.0,0.0,8.67
0.0,1.0,0.0,0.0,0.0,0.0,0.0,0.0,8.69
0.0,1.0,0.0,0.0,0.0,0.0,0.0,0.0,8.71
0.0,1.0,0.0,0.0,0.0,0.0,0.0,0.0,8.72
0.0,0.0,0.0,0.0,0.0,0.0,0.0,0.0,8.74
0.0,0.0,0.0,0.0,0.0,0.0,0.0,0.0,8.75
0.0,0.0,0.0,0.0,0.0,0.0,0.0,0.0,8.77
0.0,0.0,0.0,0.0,0.0,0.0,0.0,0.0,8.78
0.0,0.0,0.0,0.0,0.0,0.0,0.0,0.0,8.8
0.0,0.0,0.0,0.0,0.0,0.0,0.0,0.0,8.81
0.0,0.0,0.0,0.0,0.0,0.0,0.0,0.0,8.82
0.0,0.0,0.0,0.0,0.0,0.0,0.0,0.0,8.84
0.0,0.0,0.0,0.0,0.0,0.0,0.0,0.0,8.85
0.0,0.0,0.0,0.0,0.0,0.0,0.0,0.0,8.87
0.0,0.0,0.0,0.0,0.0,0.0,0.0,0.0,8.88
0.0,0.0,0.0,0.0,0.0,0.0,0.0,0.0,8.9
0.0,0.0,0.0,0.0,0.0,0.0,0.0,0.0,8.91
0.0,0.0,0.0,0.0,0.0,0.0,0.0,0.0,8.93
0.0,0.0,0.0,0.0,0.0,0.0,0.0,0.0,8.94
0.0,0.0,0.0,0.0,0.0,0.0,0.0,0.0,8.95
0.0,0.0,0.0,0.0,0.0,0.0,0.0,0.0,8.97
0.0,0.0,0.0,0.0,0.0,0.0,0.0,0.0,8.98
0.0,0.0,0.0,0.0,0.0,0.0,0.0,0.0,9.0
0.0,0.0,0.0,0.0,0.0,0.0,0.0,0.0,9.01
0.0,0.0,0.0,0.0,0.0,0.0,0.0,0.0,9.03
0.0,0.0,0.0,0.0,0.0,0.0,0.0,0.0,9.05
0.0,0.0,0.0,0.0,0.0,0.0,0.0,0.0,9.06
0.0,0.0,0.0,0.0,0.0,0.0,0.0,0.0,9.08
0.0,0.0,0.0,0.0,0.0,0.0,0.0,0.0,9.09
0.0,0.0,0.0,0.0,0.0,0.0,0.0,0.0,9.11
0.0,0.0,0.0,0.0,0.0,0.0,0.0,0.0,9.12
0.0,0.0,0.0,0.0,0.0,0.0,0.0,0.0,9.14
0.0,0.0,0.0,0.0,0.0,0.0,0.0,0.0,9.15
0.0,0.0,0.0,0.0,0.0,0.0,0.0,0.0,9.17
0.0,0.0,0.0,0.0,0.0,0.0,0.0,0.0,9.18
0.0,0.0,0.0,0.0,0.0,0.0,0.0,0.0,9.2
0.0,0.0,0.0,0.0,0.0,0.0,0.0,0.0,9.21
0.0,0.0,0.0,0.0,0.0,0.0,0.0,0.0,9.23
0.0,0.0,0.0,0.0,0.0,0.0,0.0,0.0,9.24
0.0,0.0,0.0,0.0,0.0,0.0,0.0,0.0,9.26
0.0,0.0,0.0,0.0,0.0,0.0,0.0,0.0,9.27
0.0,0.0,0.0,0.0,0.0,0.0,0.0,0.0,9.29
0.0,0.0,0.0,0.0,0.0,0.0,0.0,0.0,9.3
0.0,0.0,0.0,0.0,0.0,0.0,0.0,0.0,9.32
0.0,0.0,0.0,0.0,0.0,0.0,0.0,0.0,9.33
0.0,0.0,0.0,0.0,0.0,0.0,0.0,0.0,9.35
0.0,0.0,0.0,0.0,0.0,0.0,0.0,0.0,9.36
0.0,0.0,0.0,0.0,0.0,0.0,0.0,0.0,9.38
0.0,0.0,0.0,0.0,0.0,0.0,0.0,0.0,9.39
0.0,0.0,0.0,0.0,0.0,0.0,0.0,0.0,9.41
0.0,0.0,0.0,0.0,0.0,0.0,0.0,0.0,9.42
0.0,0.0,0.0,0.0,0.0,0.0,0.0,0.0,9.44
0.0,0.0,0.0,0.0,0.0,0.0,0.0,0.0,9.45
0.0,0.0,0.0,0.0,0.0,0.0,0.0,0.0,9.47
0.0,0.0,0.0,0.0,0.0,0.0,0.0,0.0,9.48
0.0,0.0,0.0,0.0,0.0,0.0,0.0,0.0,9.5
0.0,0.0,0.0,0.0,0.0,0.0,0.0,0.0,9.51
0.0,0.0,0.0,0.0,0.0,0.0,0.0,0.0,9.53
0.0,0.0,0.0,0.0,0.0,0.0,0.0,0.0,9.54
0.0,0.0,0.0,0.0,0.0,0.0,0.0,0.0,9.56
0.0,0.0,0.0,0.0,0.0,0.0,0.0,0.0,9.57
0.0,0.0,0.0,0.0,0.0,0.0,0.0,0.0,9.59
0.0,0.0,0.0,0.0,0.0,0.0,0.0,0.0,9.6
0.0,0.0,0.0,0.0,0.0,0.0,0.0,0.0,9.62
0.0,0.0,0.0,0.0,0.0,0.0,0.0,0.0,9.63
0.0,0.0,0.0,0.0,0.0,0.0,0.0,0.0,9.65
0.0,0.0,0.0,0.0,0.0,0.0,0.0,0.0,9.66
0.0,0.0,0.0,0.0,0.0,0.0,0.0,0.0,9.68
0.0,1.0,0.0,0.0,0.0,0.0,0.0,0.0,9.69
0.0,1.0,0.0,0.0,0.0,0.0,0.0,0.0,9.71
0.0,1.0,0.0,0.0,0.0,0.0,0.0,0.0,9.72
0.0,1.0,0.0,0.0,0.0,0.0,0.0,0.0,9.73
0.0,1.0,0.0,0.0,0.0,0.0,0.0,0.0,9.75
0.0,1.0,0.0,0.0,0.0,0.0,0.0,0.0,9.76
0.0,1.0,0.0,0.0,0.0,0.0,0.0,0.0,9.78
0.0,1.0,0.0,0.0,0.0,0.0,0.0,0.0,9.79
0.0,1.0,0.0,0.0,0.0,0.0,0.0,0.0,9.81
0.0,1.0,0.0,0.0,0.0,0.0,0.0,0.0,9.82
0.0,1.0,0.0,0.0,0.0,0.0,0.0,0.0,9.84
0.0,1.0,0.0,0.0,0.0,0.0,0.0,0.0,9.85
0.0,1.0,0.0,0.0,0.0,0.0,0.0,0.0,9.87
0.0,1.0,0.0,0.0,0.0,0.0,0.0,0.0,9.88
0.0,1.0,0.0,0.0,0.0,0.0,0.0,0.0,9.9
0.0,1.0,0.0,0.0,0.0,0.0,0.0,0.0,9.91
0.0,1.0,0.0,0.0,0.0,0.0,0.0,0.0,9.93
0.0,1.0,0.0,0.0,0.0,0.0,0.0,0.0,9.94
0.0,1.0,0.0,0.0,0.0,0.0,0.0,0.0,9.96
0.0,1.0,0.0,0.0,0.0,0.0,0.0,0.0,9.97
0.0,1.0,0.0,0.0,0.0,0.0,0.0,0.0,9.99
0.0,1.0,0.0,0.0,0.0,0.0,0.0,0.0,10.0
0.0,1.0,0.0,0.0,0.0,0.0,0.0,0.0,10.01
0.0,1.0,0.0,0.0,0.0,0.0,0.0,0.0,10.03
0.0,1.0,0.0,0.0,0.0,0.0,0.0,0.0,10.04
0.0,1.0,0.0,0.0,0.0,0.0,0.0,0.0,10.06
0.0,1.0,0.0,0.0,0.0,0.0,0.0,0.0,10.07
0.0,1.0,0.0,0.0,0.0,0.0,0.0,0.0,10.09
0.0,1.0,0.0,0.0,0.0,0.0,0.0,0.0,10.1
0.0,1.0,0.0,0.0,0.0,0.0,0.0,0.0,10.12
0.0,1.0,0.0,0.0,0.0,0.0,0.0,0.0,10.13
0.0,1.0,0.0,0.0,0.0,0.0,0.0,0.0,10.14
0.0,1.0,0.0,0.0,0.0,0.0,0.0,0.0,10.16
0.0,1.0,0.0,0.0,0.0,0.0,0.0,0.0,10.17
0.0,1.0,0.0,0.0,0.0,0.0,0.0,0.0,10.19
0.0,1.0,0.0,0.0,0.0,0.0,0.0,0.0,10.2
0.0,1.0,0.0,0.0,0.0,0.0,0.0,0.0,10.22
0.0,1.0,0.0,0.0,0.0,0.0,0.0,0.0,10.23
0.0,1.0,0.0,0.0,0.0,0.0,0.0,0.0,10.24
0.0,1.0,0.0,0.0,0.0,0.0,0.0,0.0,10.26
0.0,0.0,0.0,0.0,0.0,0.0,0.0,0.0,10.27
0.0,0.0,0.0,0.0,0.0,0.0,0.0,0.0,10.29
0.0,0.0,0.0,0.0,0.0,0.0,0.0,0.0,10.3
0.0,0.0,0.0,0.0,0.0,0.0,0.0,0.0,10.32
0.0,0.0,0.0,0.0,0.0,0.0,0.0,0.0,10.33
0.0,0.0,0.0,0.0,0.0,0.0,0.0,0.0,10.35
0.0,0.0,0.0,0.0,0.0,0.0,0.0,0.0,10.36
0.0,0.0,0.0,0.0,0.0,0.0,0.0,0.0,10.38
0.0,0.0,0.0,0.0,0.0,0.0,0.0,0.0,10.39
0.0,0.0,0.0,0.0,0.0,0.0,0.0,0.0,10.41
0.0,0.0,0.0,0.0,0.0,0.0,0.0,0.0,10.42
0.0,0.0,0.0,0.0,0.0,0.0,0.0,0.0,10.44
0.0,0.0,0.0,0.0,0.0,0.0,0.0,0.0,10.45
0.0,0.0,0.0,0.0,0.0,0.0,0.0,0.0,10.47
0.0,0.0,0.0,0.0,0.0,0.0,0.0,0.0,10.48
0.0,0.0,0.0,0.0,0.0,0.0,0.0,0.0,10.5
0.0,0.0,0.0,0.0,0.0,0.0,0.0,1.0,10.51
0.0,0.0,0.0,0.0,0.0,0.0,0.0,1.0,10.53
0.0,0.0,0.0,0.0,0.0,0.0,0.0,1.0,10.54
0.0,0.0,0.0,0.0,0.0,0.0,0.0,1.0,10.56
0.0,0.0,0.0,0.0,0.0,0.0,0.0,1.0,10.58
0.0,0.0,0.0,0.0,0.0,0.0,0.0,1.0,10.59
0.0,0.0,0.0,0.0,0.0,0.0,0.0,1.0,10.61
0.0,0.0,0.0,0.0,0.0,0.0,0.0,1.0,10.62
0.0,0.0,0.0,0.0,0.0,0.0,0.0,1.0,10.64
0.0,0.0,0.0,0.0,0.0,0.0,0.0,1.0,10.65
0.0,0.0,0.0,0.0,0.0,0.0,0.0,1.0,10.66
0.0,0.0,0.0,0.0,0.0,0.0,0.0,1.0,10.68
0.0,0.0,0.0,0.0,0.0,0.0,0.0,1.0,10.69
0.0,0.0,0.0,0.0,0.0,0.0,0.0,1.0,10.71
0.0,0.0,0.0,0.0,0.0,0.0,0.0,1.0,10.72
0.0,0.0,0.0,0.0,0.0,0.0,0.0,1.0,10.74
0.0,0.0,0.0,0.0,0.0,0.0,0.0,1.0,10.75
0.0,0.0,0.0,0.0,0.0,0.0,0.0,1.0,10.77
0.0,0.0,0.0,0.0,0.0,0.0,0.0,1.0,10.78
0.0,0.0,0.0,0.0,0.0,0.0,0.0,1.0,10.8
0.0,0.0,0.0,0.0,0.0,0.0,0.0,1.0,10.81
0.0,0.0,0.0,0.0,0.0,0.0,0.0,1.0,10.83
0.0,0.0,0.0,0.0,0.0,0.0,0.0,1.0,10.84
0.0,0.0,0.0,0.0,0.0,0.0,0.0,1.0,10.86
0.0,0.0,0.0,0.0,0.0,0.0,0.0,1.0,10.87
0.0,0.0,0.0,0.0,0.0,0.0,0.0,1.0,10.89
0.0,0.0,0.0,0.0,0.0,0.0,0.0,1.0,10.9
0.0,0.0,0.0,0.0,0.0,0.0,0.0,1.0,10.92
0.0,0.0,0.0,0.0,0.0,0.0,0.0,1.0,10.94
0.0,0.0,0.0,0.0,0.0,0.0,0.0,1.0,10.95
0.0,0.0,0.0,0.0,0.0,0.0,0.0,1.0,10.96
0.0,0.0,0.0,0.0,0.0,0.0,0.0,1.0,10.98
0.0,0.0,0.0,0.0,0.0,0.0,0.0,1.0,10.99
0.0,0.0,0.0,0.0,0.0,0.0,0.0,1.0,11.01
0.0,0.0,0.0,0.0,0.0,0.0,0.0,1.0,11.02
0.0,0.0,0.0,0.0,0.0,0.0,0.0,1.0,11.04
0.0,0.0,0.0,0.0,0.0,0.0,0.0,1.0,11.05
0.0,0.0,0.0,0.0,0.0,0.0,0.0,1.0,11.07
0.0,0.0,0.0,0.0,0.0,0.0,0.0,0.0,11.08
0.0,0.0,0.0,0.0,0.0,0.0,0.0,0.0,11.09
0.0,0.0,0.0,0.0,0.0,0.0,0.0,0.0,11.11
0.0,0.0,0.0,0.0,0.0,0.0,0.0,0.0,11.12
0.0,0.0,0.0,0.0,0.0,0.0,0.0,0.0,11.14
0.0,0.0,0.0,0.0,0.0,0.0,0.0,0.0,11.15
0.0,0.0,0.0,0.0,0.0,0.0,0.0,0.0,11.17
0.0,0.0,0.0,0.0,0.0,0.0,0.0,0.0,11.18
0.0,0.0,0.0,0.0,0.0,0.0,0.0,0.0,11.2
0.0,0.0,0.0,0.0,0.0,0.0,0.0,0.0,11.21
0.0,0.0,0.0,0.0,0.0,0.0,0.0,0.0,11.23
0.0,0.0,0.0,0.0,0.0,0.0,1.0,0.0,11.25
0.0,0.0,0.0,0.0,0.0,0.0,1.0,0.0,11.26
0.0,0.0,0.0,0.0,0.0,0.0,1.0,0.0,11.28
0.0,0.0,0.0,0.0,0.0,0.0,1.0,0.0,11.29
0.0,0.0,0.0,0.0,0.0,0.0,1.0,0.0,11.31
0.0,0.0,0.0,0.0,0.0,0.0,0.0,0.0,11.32
0.0,0.0,0.0,0.0,0.0,0.0,0.0,0.0,11.34
0.0,0.0,0.0,0.0,0.0,0.0,0.0,0.0,11.35
0.0,0.0,0.0,0.0,0.0,0.0,0.0,0.0,11.37
0.0,0.0,0.0,0.0,0.0,0.0,0.0,0.0,11.38
0.0,0.0,0.0,0.0,0.0,0.0,0.0,0.0,11.4
0.0,0.0,0.0,0.0,0.0,0.0,0.0,0.0,11.41
0.0,0.0,0.0,0.0,0.0,0.0,0.0,0.0,11.43
0.0,0.0,0.0,0.0,0.0,0.0,0.0,0.0,11.44
0.0,0.0,0.0,0.0,0.0,0.0,0.0,0.0,11.46
0.0,0.0,0.0,0.0,0.0,0.0,0.0,0.0,11.48
0.0,0.0,0.0,0.0,0.0,0.0,0.0,0.0,11.49
0.0,0.0,0.0,0.0,0.0,0.0,0.0,0.0,11.51
0.0,0.0,0.0,0.0,0.0,0.0,0.0,0.0,11.52
0.0,0.0,0.0,0.0,0.0,0.0,0.0,0.0,11.53
0.0,0.0,0.0,0.0,0.0,0.0,0.0,0.0,11.55
0.0,0.0,0.0,0.0,0.0,0.0,0.0,0.0,11.57
0.0,1.0,0.0,0.0,0.0,0.0,0.0,0.0,11.59
0.0,1.0,0.0,0.0,0.0,0.0,0.0,0.0,11.6
0.0,1.0,0.0,0.0,0.0,0.0,0.0,0.0,11.62
0.0,1.0,0.0,0.0,0.0,0.0,0.0,0.0,11.63
0.0,1.0,0.0,0.0,0.0,0.0,0.0,0.0,11.65
0.0,1.0,0.0,0.0,0.0,0.0,0.0,0.0,11.67
0.0,1.0,0.0,0.0,0.0,0.0,0.0,0.0,11.68
0.0,1.0,0.0,0.0,0.0,0.0,0.0,0.0,11.7
0.0,1.0,0.0,0.0,0.0,0.0,0.0,0.0,11.71
0.0,1.0,0.0,0.0,0.0,0.0,0.0,0.0,11.73
0.0,1.0,0.0,0.0,0.0,0.0,0.0,0.0,11.74
0.0,1.0,0.0,0.0,0.0,0.0,0.0,0.0,11.76
0.0,1.0,0.0,0.0,0.0,0.0,0.0,0.0,11.77
0.0,1.0,0.0,0.0,0.0,0.0,0.0,0.0,11.79
0.0,1.0,0.0,0.0,0.0,0.0,0.0,0.0,11.8
0.0,1.0,0.0,0.0,0.0,0.0,0.0,0.0,11.82
0.0,1.0,0.0,0.0,0.0,0.0,0.0,0.0,11.83
0.0,1.0,0.0,0.0,0.0,0.0,0.0,0.0,11.85
0.0,1.0,0.0,0.0,0.0,0.0,0.0,0.0,11.87
0.0,1.0,0.0,0.0,0.0,0.0,0.0,0.0,11.88
0.0,1.0,0.0,0.0,0.0,0.0,0.0,0.0,11.9
0.0,1.0,0.0,0.0,0.0,0.0,0.0,0.0,11.91
0.0,1.0,0.0,0.0,0.0,0.0,0.0,0.0,11.93
0.0,1.0,0.0,0.0,0.0,0.0,0.0,0.0,11.94
0.0,1.0,0.0,0.0,0.0,0.0,0.0,0.0,11.95
0.0,1.0,0.0,0.0,0.0,0.0,0.0,0.0,11.97
0.0,1.0,0.0,0.0,0.0,0.0,0.0,0.0,11.98
0.0,1.0,0.0,0.0,0.0,0.0,0.0,0.0,12.0
0.0,1.0,0.0,0.0,0.0,0.0,0.0,0.0,12.01
0.0,1.0,0.0,0.0,0.0,0.0,0.0,0.0,12.03
0.0,1.0,0.0,0.0,0.0,0.0,0.0,0.0,12.04
0.0,1.0,0.0,0.0,0.0,0.0,0.0,0.0,12.06
0.0,1.0,0.0,0.0,0.0,0.0,0.0,0.0,12.07
0.0,1.0,0.0,0.0,0.0,0.0,0.0,0.0,12.09
0.0,1.0,0.0,0.0,0.0,0.0,0.0,0.0,12.1
0.0,1.0,0.0,0.0,0.0,0.0,0.0,0.0,12.12
0.0,1.0,0.0,0.0,0.0,0.0,0.0,0.0,12.13
0.0,1.0,0.0,0.0,0.0,0.0,0.0,0.0,12.15
0.0,1.0,0.0,0.0,0.0,0.0,0.0,0.0,12.16
0.0,1.0,0.0,0.0,0.0,0.0,0.0,0.0,12.17
0.0,1.0,0.0,0.0,0.0,0.0,0.0,0.0,12.19
0.0,1.0,0.0,0.0,0.0,0.0,0.0,0.0,12.2
0.0,1.0,0.0,0.0,0.0,0.0,0.0,0.0,12.22
0.0,1.0,0.0,0.0,0.0,0.0,0.0,0.0,12.23
0.0,1.0,0.0,0.0,0.0,0.0,0.0,0.0,12.25
0.0,1.0,0.0,0.0,0.0,0.0,0.0,0.0,12.26
0.0,1.0,0.0,0.0,0.0,0.0,0.0,0.0,12.28
0.0,1.0,0.0,0.0,0.0,0.0,0.0,0.0,12.29
0.0,1.0,0.0,0.0,0.0,0.0,0.0,0.0,12.31
0.0,1.0,0.0,0.0,0.0,0.0,0.0,0.0,12.32
0.0,1.0,0.0,0.0,0.0,0.0,0.0,0.0,12.34
0.0,1.0,0.0,0.0,0.0,0.0,0.0,0.0,12.35
0.0,1.0,0.0,0.0,0.0,0.0,0.0,0.0,12.36
0.0,1.0,0.0,0.0,0.0,0.0,0.0,0.0,12.38
0.0,1.0,0.0,0.0,0.0,0.0,0.0,0.0,12.4
0.0,1.0,0.0,0.0,0.0,0.0,0.0,0.0,12.41
0.0,1.0,0.0,0.0,0.0,0.0,0.0,0.0,12.43
0.0,0.0,0.0,0.0,0.0,0.0,0.0,0.0,12.44
0.0,0.0,0.0,0.0,0.0,0.0,0.0,0.0,12.45
0.0,0.0,0.0,0.0,0.0,0.0,0.0,0.0,12.47
0.0,0.0,0.0,0.0,0.0,0.0,0.0,0.0,12.48
0.0,0.0,0.0,0.0,0.0,0.0,0.0,0.0,12.5
0.0,0.0,0.0,0.0,0.0,0.0,0.0,0.0,12.51
0.0,0.0,0.0,0.0,0.0,0.0,0.0,0.0,12.53
0.0,0.0,0.0,0.0,0.0,0.0,0.0,0.0,12.54
0.0,0.0,0.0,0.0,0.0,0.0,0.0,0.0,12.56
0.0,0.0,0.0,0.0,0.0,0.0,0.0,0.0,12.57
0.0,0.0,0.0,0.0,0.0,0.0,0.0,0.0,12.59
0.0,0.0,0.0,0.0,0.0,0.0,0.0,0.0,12.6
0.0,0.0,0.0,0.0,0.0,0.0,0.0,0.0,12.62
0.0,0.0,0.0,0.0,0.0,0.0,0.0,0.0,12.63
0.0,0.0,0.0,0.0,0.0,0.0,0.0,0.0,12.65
0.0,0.0,0.0,0.0,0.0,0.0,0.0,0.0,12.66
0.0,0.0,0.0,0.0,0.0,0.0,0.0,0.0,12.68
0.0,0.0,0.0,0.0,0.0,0.0,0.0,0.0,12.69
0.0,0.0,0.0,0.0,0.0,0.0,0.0,0.0,12.71
0.0,0.0,0.0,0.0,0.0,0.0,0.0,0.0,12.72
0.0,0.0,0.0,0.0,0.0,0.0,0.0,0.0,12.74
0.0,0.0,0.0,0.0,0.0,0.0,0.0,0.0,12.75
0.0,0.0,0.0,0.0,0.0,0.0,0.0,0.0,12.77
0.0,0.0,0.0,0.0,0.0,0.0,0.0,0.0,12.78
0.0,0.0,0.0,0.0,0.0,0.0,0.0,0.0,12.8
0.0,0.0,0.0,0.0,0.0,0.0,0.0,0.0,12.81
0.0,0.0,0.0,0.0,0.0,0.0,0.0,0.0,12.82
0.0,0.0,0.0,0.0,0.0,0.0,0.0,0.0,12.84
0.0,0.0,0.0,0.0,0.0,0.0,0.0,0.0,12.85
0.0,0.0,0.0,0.0,0.0,0.0,0.0,0.0,12.87
0.0,0.0,0.0,0.0,0.0,0.0,0.0,0.0,12.88
0.0,0.0,0.0,0.0,0.0,0.0,0.0,0.0,12.9
0.0,0.0,0.0,0.0,0.0,0.0,0.0,0.0,12.91
0.0,0.0,0.0,0.0,0.0,0.0,0.0,0.0,12.93
0.0,0.0,0.0,0.0,0.0,0.0,0.0,0.0,12.94
0.0,0.0,0.0,0.0,0.0,0.0,0.0,0.0,12.96
0.0,0.0,0.0,0.0,0.0,0.0,0.0,0.0,12.97
0.0,0.0,0.0,0.0,0.0,0.0,0.0,0.0,12.99
0.0,0.0,0.0,0.0,0.0,0.0,0.0,0.0,13.0
0.0,0.0,0.0,0.0,0.0,0.0,0.0,0.0,13.02
0.0,0.0,0.0,0.0,0.0,0.0,0.0,0.0,13.03
0.0,0.0,0.0,0.0,0.0,0.0,0.0,0.0,13.05
0.0,0.0,0.0,0.0,0.0,0.0,0.0,0.0,13.06
0.0,0.0,0.0,0.0,0.0,0.0,0.0,0.0,13.08
0.0,0.0,0.0,0.0,0.0,0.0,0.0,0.0,13.09
0.0,0.0,0.0,0.0,0.0,0.0,0.0,0.0,13.11
0.0,0.0,0.0,0.0,0.0,0.0,0.0,0.0,13.12
0.0,0.0,0.0,0.0,0.0,0.0,0.0,0.0,13.14
0.0,0.0,0.0,0.0,0.0,0.0,0.0,0.0,13.15
0.0,0.0,0.0,0.0,0.0,0.0,0.0,0.0,13.17
0.0,0.0,0.0,0.0,0.0,0.0,0.0,0.0,13.18
0.0,0.0,0.0,0.0,0.0,0.0,0.0,0.0,13.19
0.0,0.0,0.0,0.0,0.0,0.0,0.0,0.0,13.21
0.0,0.0,0.0,0.0,0.0,0.0,0.0,0.0,13.22
0.0,0.0,0.0,0.0,0.0,0.0,0.0,0.0,13.24
0.0,0.0,0.0,0.0,0.0,0.0,0.0,0.0,13.25
0.0,0.0,0.0,0.0,0.0,0.0,0.0,1.0,13.27
0.0,0.0,0.0,0.0,0.0,0.0,0.0,1.0,13.28
0.0,0.0,0.0,0.0,0.0,0.0,0.0,1.0,13.3
0.0,0.0,0.0,0.0,0.0,0.0,0.0,1.0,13.31
0.0,0.0,0.0,0.0,0.0,0.0,0.0,1.0,13.33
0.0,0.0,0.0,0.0,0.0,0.0,0.0,1.0,13.34
0.0,0.0,0.0,0.0,0.0,0.0,0.0,1.0,13.35
0.0,0.0,0.0,0.0,0.0,0.0,0.0,1.0,13.37
0.0,0.0,0.0,0.0,0.0,0.0,0.0,1.0,13.38
0.0,0.0,0.0,0.0,0.0,0.0,0.0,1.0,13.4
0.0,0.0,0.0,0.0,0.0,0.0,0.0,1.0,13.41
0.0,0.0,0.0,0.0,0.0,0.0,0.0,1.0,13.42
0.0,0.0,0.0,0.0,0.0,0.0,0.0,1.0,13.44
0.0,0.0,0.0,0.0,0.0,0.0,0.0,1.0,13.45
0.0,0.0,0.0,0.0,0.0,0.0,0.0,1.0,13.47
0.0,0.0,0.0,0.0,0.0,0.0,0.0,1.0,13.48
0.0,0.0,0.0,0.0,0.0,0.0,0.0,1.0,13.49
0.0,0.0,0.0,0.0,0.0,0.0,0.0,1.0,13.51
0.0,0.0,0.0,0.0,0.0,0.0,0.0,1.0,13.52
0.0,0.0,0.0,0.0,0.0,0.0,0.0,1.0,13.54
0.0,0.0,0.0,0.0,0.0,0.0,0.0,1.0,13.55
0.0,0.0,0.0,0.0,0.0,0.0,0.0,1.0,13.57
0.0,1.0,0.0,0.0,0.0,0.0,0.0,1.0,13.58
0.0,1.0,0.0,0.0,0.0,0.0,0.0,1.0,13.59
0.0,1.0,0.0,0.0,0.0,0.0,0.0,1.0,13.61
0.0,1.0,0.0,0.0,0.0,0.0,0.0,1.0,13.62
0.0,1.0,0.0,0.0,0.0,0.0,0.0,1.0,13.64
0.0,1.0,0.0,0.0,0.0,0.0,0.0,1.0,13.65
0.0,1.0,0.0,0.0,0.0,0.0,0.0,1.0,13.67
0.0,1.0,0.0,0.0,0.0,0.0,0.0,1.0,13.68
0.0,1.0,0.0,0.0,0.0,0.0,0.0,1.0,13.7
0.0,1.0,0.0,0.0,0.0,0.0,0.0,1.0,13.71
0.0,1.0,0.0,0.0,0.0,0.0,0.0,1.0,13.73
0.0,0.0,0.0,0.0,0.0,0.0,0.0,1.0,13.74
0.0,0.0,0.0,0.0,0.0,0.0,0.0,1.0,13.76
0.0,0.0,0.0,0.0,0.0,0.0,0.0,1.0,13.77
0.0,0.0,0.0,0.0,0.0,0.0,0.0,1.0,13.79
0.0,0.0,0.0,0.0,0.0,0.0,0.0,1.0,13.8
0.0,0.0,0.0,0.0,0.0,0.0,0.0,1.0,13.81
0.0,0.0,0.0,0.0,0.0,0.0,0.0,1.0,13.83
0.0,0.0,0.0,0.0,0.0,0.0,0.0,1.0,13.84
0.0,0.0,0.0,0.0,0.0,0.0,0.0,1.0,13.86
0.0,0.0,0.0,0.0,0.0,0.0,0.0,1.0,13.87
0.0,0.0,0.0,0.0,0.0,0.0,0.0,1.0,13.89
0.0,0.0,0.0,0.0,0.0,0.0,0.0,1.0,13.91
0.0,0.0,0.0,0.0,0.0,0.0,0.0,1.0,13.92
0.0,0.0,0.0,0.0,0.0,0.0,0.0,1.0,13.94
0.0,0.0,0.0,0.0,0.0,0.0,0.0,1.0,13.95
0.0,0.0,0.0,0.0,0.0,0.0,0.0,1.0,13.97
0.0,0.0,0.0,0.0,0.0,0.0,0.0,1.0,13.99
0.0,0.0,0.0,0.0,0.0,0.0,0.0,1.0,14.0
0.0,0.0,0.0,0.0,0.0,0.0,0.0,1.0,14.02
0.0,0.0,0.0,0.0,0.0,0.0,0.0,1.0,14.03
0.0,0.0,0.0,0.0,0.0,0.0,0.0,1.0,14.05
0.0,0.0,0.0,0.0,0.0,0.0,0.0,1.0,14.06
0.0,0.0,0.0,0.0,0.0,0.0,0.0,1.0,14.07
0.0,0.0,0.0,0.0,0.0,0.0,0.0,1.0,14.09
0.0,0.0,0.0,0.0,0.0,0.0,0.0,1.0,14.1
0.0,0.0,0.0,0.0,0.0,0.0,0.0,1.0,14.12
0.0,0.0,0.0,0.0,0.0,0.0,0.0,1.0,14.13
0.0,0.0,0.0,0.0,0.0,0.0,0.0,1.0,14.15
0.0,0.0,0.0,0.0,0.0,0.0,0.0,1.0,14.16
0.0,0.0,0.0,0.0,0.0,0.0,0.0,1.0,14.18
0.0,0.0,0.0,0.0,0.0,0.0,0.0,1.0,14.19
0.0,0.0,0.0,0.0,0.0,0.0,0.0,1.0,14.21
0.0,0.0,0.0,0.0,0.0,0.0,0.0,1.0,14.22
0.0,0.0,0.0,0.0,0.0,0.0,0.0,1.0,14.24
0.0,0.0,0.0,0.0,0.0,0.0,0.0,1.0,14.26
0.0,0.0,0.0,0.0,0.0,0.0,0.0,1.0,14.28
0.0,0.0,0.0,0.0,0.0,0.0,0.0,1.0,14.29
0.0,0.0,0.0,0.0,0.0,0.0,0.0,1.0,14.31
0.0,0.0,0.0,0.0,0.0,0.0,0.0,1.0,14.32
0.0,0.0,0.0,0.0,0.0,0.0,0.0,1.0,14.34
0.0,0.0,0.0,0.0,0.0,0.0,0.0,1.0,14.35
0.0,0.0,0.0,0.0,0.0,0.0,0.0,1.0,14.37
0.0,0.0,0.0,0.0,0.0,0.0,0.0,1.0,14.38
0.0,0.0,0.0,0.0,0.0,0.0,0.0,1.0,14.4
0.0,0.0,0.0,0.0,0.0,0.0,0.0,1.0,14.41
0.0,0.0,0.0,0.0,0.0,0.0,0.0,1.0,14.43
0.0,0.0,0.0,0.0,0.0,0.0,0.0,1.0,14.44
0.0,0.0,0.0,0.0,0.0,0.0,0.0,1.0,14.46
0.0,0.0,0.0,0.0,0.0,0.0,0.0,1.0,14.47
0.0,0.0,0.0,0.0,0.0,0.0,0.0,1.0,14.49
0.0,0.0,0.0,0.0,0.0,0.0,0.0,1.0,14.5
0.0,0.0,0.0,0.0,0.0,0.0,0.0,1.0,14.53
0.0,0.0,0.0,0.0,0.0,0.0,0.0,1.0,14.54
0.0,0.0,0.0,0.0,0.0,0.0,0.0,1.0,14.56
0.0,0.0,0.0,0.0,0.0,0.0,0.0,1.0,14.57
0.0,0.0,0.0,0.0,0.0,0.0,0.0,1.0,14.59
0.0,0.0,0.0,0.0,0.0,0.0,0.0,1.0,14.6
0.0,0.0,0.0,0.0,0.0,0.0,0.0,1.0,14.62
0.0,0.0,0.0,0.0,0.0,0.0,0.0,1.0,14.63
0.0,0.0,0.0,0.0,0.0,0.0,0.0,1.0,14.65
0.0,0.0,0.0,0.0,0.0,0.0,0.0,1.0,14.66
0.0,0.0,0.0,0.0,0.0,0.0,0.0,1.0,14.68
0.0,0.0,0.0,0.0,0.0,0.0,0.0,1.0,14.69
0.0,0.0,0.0,0.0,0.0,0.0,0.0,1.0,14.71
0.0,0.0,0.0,0.0,0.0,0.0,0.0,1.0,14.72
0.0,0.0,0.0,0.0,0.0,0.0,0.0,1.0,14.74
0.0,0.0,0.0,0.0,0.0,0.0,0.0,1.0,14.75
0.0,0.0,0.0,0.0,0.0,0.0,0.0,1.0,14.77
0.0,0.0,0.0,0.0,0.0,0.0,0.0,1.0,14.78
0.0,0.0,0.0,0.0,0.0,0.0,0.0,1.0,14.8
0.0,0.0,0.0,0.0,0.0,0.0,0.0,1.0,14.82
0.0,0.0,0.0,0.0,0.0,0.0,0.0,1.0,14.83
0.0,0.0,0.0,0.0,0.0,0.0,0.0,1.0,14.85
0.0,0.0,0.0,0.0,0.0,0.0,0.0,1.0,14.87
0.0,0.0,0.0,0.0,0.0,0.0,0.0,1.0,14.89
0.0,0.0,0.0,0.0,0.0,0.0,0.0,1.0,14.9
0.0,0.0,0.0,0.0,0.0,0.0,0.0,1.0,14.92
0.0,0.0,0.0,0.0,0.0,0.0,0.0,1.0,14.93
0.0,0.0,0.0,0.0,0.0,0.0,0.0,1.0,14.95
0.0,0.0,0.0,0.0,0.0,0.0,0.0,1.0,14.96
0.0,0.0,0.0,0.0,0.0,0.0,0.0,1.0,14.98
0.0,0.0,0.0,0.0,0.0,0.0,0.0,1.0,14.99
0.0,0.0,0.0,0.0,0.0,0.0,0.0,1.0,15.01
0.0,0.0,0.0,0.0,0.0,0.0,0.0,1.0,15.02
0.0,0.0,0.0,0.0,0.0,0.0,0.0,1.0,15.04
0.0,0.0,0.0,0.0,0.0,0.0,0.0,1.0,15.05
0.0,0.0,0.0,0.0,0.0,0.0,0.0,1.0,15.07
0.0,0.0,0.0,0.0,0.0,0.0,0.0,1.0,15.08
0.0,0.0,0.0,0.0,0.0,0.0,0.0,1.0,15.1
0.0,0.0,0.0,0.0,0.0,0.0,0.0,1.0,15.11
0.0,0.0,0.0,0.0,0.0,0.0,0.0,1.0,15.13
