0.0,0.0,0.0,0.0,0.0,0.0,0.0,0.0,0.15
1.0,0.0,0.0,0.0,0.0,0.0,0.0,0.0,0.25
1.0,0.0,0.0,0.0,0.0,0.0,0.0,0.0,0.34
1.0,0.0,0.0,0.0,0.0,0.0,0.0,0.0,0.44
0.0,0.0,0.0,0.0,0.0,0.0,0.0,0.0,0.53
0.0,0.0,0.0,0.0,0.0,0.0,0.0,0.0,0.63
0.0,0.0,0.0,0.0,0.0,0.0,0.0,0.0,0.75
0.0,0.0,0.0,0.0,0.0,0.0,0.0,0.0,0.84
0.0,0.0,0.0,0.0,0.0,0.0,0.0,0.0,0.94
0.0,0.0,0.0,0.0,0.0,0.0,0.0,0.0,1.04
0.0,0.0,0.0,0.0,0.0,0.0,0.0,0.0,1.15
0.0,0.0,0.0,0.0,0.0,0.0,0.0,0.0,1.24
0.0,0.0,0.0,0.0,0.0,0.0,0.0,0.0,1.35
0.0,0.0,0.0,0.0,0.0,0.0,0.0,0.0,1.45
0.0,0.0,0.0,0.0,0.0,0.0,0.0,0.0,1.55
0.0,0.0,0.0,0.0,0.0,0.0,0.0,0.0,1.65
0.0,0.0,0.0,0.0,0.0,0.0,0.0,0.0,1.74
0.0,0.0,0.0,0.0,0.0,0.0,0.0,0.0,1.84
0.0,0.0,0.0,0.0,0.0,0.0,0.0,0.0,1.94
0.0,0.0,0.0,0.0,0.0,0.0,0.0,0.0,2.05
0.0,0.0,0.0,0.0,0.0,0.0,0.0,0.0,2.14
0.0,0.0,0.0,0.0,0.0,0.0,0.0,0.0,2.26
0.0,0.0,0.0,0.0,0.0,0.0,0.0,0.0,2.37
0.0,0.0,0.0,0.0,0.0,0.0,0.0,0.0,2.47
0.0,0.0,0.0,0.0,0.0,0.0,0.0,0.0,2.57
0.0,0.0,0.0,0.0,0.0,0.0,0.0,0.0,2.66
0.0,0.0,0.0,0.0,0.0,0.0,0.0,0.0,2.76
0.0,0.0,0.0,0.0,0.0,0.0,0.0,0.0,2.86
0.0,0.0,0.0,0.0,0.0,0.0,0.0,0.0,2.95
0.0,0.0,0.0,0.0,0.0,0.0,0.0,0.0,3.05
0.0,0.0,0.0,0.0,0.0,0.0,0.0,0.0,3.15
0.0,0.0,0.0,0.0,0.0,0.0,0.0,0.0,3.25
0.0,0.0,0.0,0.0,0.0,0.0,0.0,0.0,3.35
0.0,0.0,0.0,0.0,0.0,0.0,0.0,0.0,3.45
0.0,0.0,0.0,0.0,0.0,0.0,0.0,0.0,3.54
0.0,0.0,0.0,0.0,0.0,0.0,0.0,0.0,3.66
0.0,0.0,0.0,0.0,0.0,0.0,0.0,0.0,3.76
0.0,0.0,0.0,0.0,0.0,0.0,0.0,0.0,3.85
0.0,0.0,0.0,0.0,0.0,0.0,0.0,0.0,3.95
0.0,0.0,0.0,0.0,0.0,0.0,0.0,0.0,4.04
0.0,0.0,0.0,0.0,0.0,0.0,0.0,0.0,4.14
0.0,0.0,0.0,0.0,0.0,0.0,0.0,0.0,4.24
0.0,0.0,0.0,0.0,0.0,0.0,0.0,0.0,4.34
0.0,0.0,0.0,0.0,0.0,0.0,0.0,0.0,4.43
0.0,0.0,0.0,0.0,0.0,0.0,0.0,0.0,4.53
0.0,0.0,0.0,0.0,0.0,0.0,0.0,0.0,4.62
0.0,0.0,0.0,0.0,0.0,0.0,0.0,0.0,4.71
0.0,0.0,0.0,0.0,0.0,0.0,0.0,0.0,4.81
0.0,0.0,0.0,0.0,0.0,0.0,0.0,0.0,4.91
0.0,0.0,0.0,0.0,0.0,0.0,0.0,0.0,5.02
0.0,0.0,0.0,0.0,0.0,0.0,0.0,0.0,5.12
0.0,0.0,0.0,0.0,0.0,0.0,0.0,0.0,5.22
0.0,0.0,0.0,0.0,0.0,0.0,0.0,0.0,5.31
0.0,0.0,0.0,0.0,0.0,0.0,0.0,0.0,5.4
0.0,0.0,0.0,0.0,0.0,0.0,0.0,0.0,5.5
0.0,0.0,0.0,0.0,0.0,0.0,0.0,0.0,5.6
0.0,0.0,0.0,0.0,0.0,0.0,0.0,0.0,5.7
0.0,0.0,0.0,0.0,0.0,0.0,0.0,0.0,5.8
0.0,0.0,0.0,0.0,0.0,0.0,0.0,0.0,5.9
0.0,0.0,0.0,0.0,0.0,0.0,0.0,0.0,5.99
0.0,0.0,0.0,0.0,0.0,0.0,0.0,0.0,6.1
0.0,0.0,0.0,0.0,0.0,0.0,0.0,0.0,6.19
0.0,0.0,0.0,0.0,0.0,0.0,0.0,0.0,6.3
0.0,0.0,0.0,0.0,0.0,0.0,0.0,0.0,6.4
0.0,0.0,0.0,0.0,0.0,0.0,0.0,0.0,6.5
0.0,0.0,0.0,0.0,0.0,0.0,0.0,0.0,6.59
0.0,0.0,0.0,0.0,0.0,0.0,0.0,0.0,6.7
0.0,0.0,0.0,0.0,0.0,0.0,0.0,0.0,6.8
0.0,0.0,0.0,0.0,0.0,0.0,0.0,0.0,6.9
0.0,0.0,0.0,0.0,0.0,0.0,0.0,0.0,6.99
0.0,0.0,0.0,0.0,0.0,0.0,0.0,0.0,7.09
0.0,0.0,0.0,0.0,0.0,0.0,0.0,0.0,7.19
0.0,0.0,0.0,0.0,0.0,0.0,0.0,0.0,7.29
0.0,0.0,0.0,0.0,0.0,0.0,0.0,0.0,7.39
0.0,0.0,0.0,0.0,0.0,0.0,0.0,0.0,7.48
0.0,0.0,0.0,0.0,0.0,0.0,0.0,0.0,7.59
0.0,0.0,0.0,0.0,0.0,0.0,0.0,0.0,7.68
0.0,0.0,0.0,0.0,0.0,0.0,0.0,0.0,7.78
0.0,0.0,0.0,0.0,0.0,0.0,0.0,0.0,7.88
0.0,0.0,0.0,0.0,0.0,0.0,0.0,0.0,7.97
0.0,0.0,0.0,0.0,0.0,0.0,0.0,0.0,8.07
0.0,0.0,0.0,0.0,0.0,0.0,0.0,0.0,8.17
0.0,0.0,0.0,0.0,0.0,0.0,0.0,0.0,8.27
0.0,0.0,0.0,0.0,0.0,0.0,0.0,0.0,8.36
0.0,0.0,0.0,0.0,0.0,0.0,0.0,0.0,8.46
0.0,0.0,0.0,0.0,0.0,0.0,0.0,0.0,8.56
0.0,0.0,0.0,0.0,0.0,0.0,0.0,0.0,8.66
0.0,0.0,0.0,0.0,0.0,0.0,0.0,0.0,8.75
0.0,0.0,0.0,0.0,0.0,0.0,0.0,0.0,8.85
0.0,0.0,0.0,0.0,0.0,0.0,0.0,0.0,8.95
0.0,0.0,0.0,0.0,0.0,0.0,0.0,0.0,9.04
0.0,0.0,0.0,0.0,0.0,0.0,0.0,0.0,9.14
0.0,0.0,0.0,0.0,0.0,0.0,0.0,0.0,9.26
0.0,0.0,0.0,0.0,0.0,0.0,0.0,0.0,9.36
0.0,0.0,0.0,0.0,0.0,0.0,0.0,0.0,9.46
0.0,0.0,0.0,0.0,0.0,0.0,0.0,0.0,9.55
0.0,0.0,0.0,0.0,0.0,0.0,0.0,0.0,9.66
0.0,0.0,0.0,0.0,0.0,0.0,0.0,0.0,9.75
0.0,0.0,0.0,0.0,0.0,0.0,0.0,0.0,9.85
0.0,0.0,0.0,0.0,0.0,0.0,0.0,0.0,9.94
0.0,0.0,0.0,0.0,0.0,0.0,0.0,0.0,10.04
0.0,0.0,0.0,0.0,0.0,0.0,0.0,0.0,10.13
0.0,0.0,0.0,0.0,0.0,0.0,0.0,0.0,10.23
0.0,0.0,0.0,0.0,0.0,0.0,0.0,0.0,10.33
0.0,0.0,0.0,0.0,0.0,0.0,0.0,0.0,10.43
0.0,0.0,0.0,0.0,0.0,0.0,0.0,0.0,10.53
0.0,0.0,0.0,0.0,0.0,0.0,0.0,0.0,10.63
0.0,0.0,0.0,0.0,0.0,0.0,0.0,0.0,10.72
0.0,0.0,0.0,0.0,0.0,0.0,0.0,0.0,10.84
0.0,0.0,0.0,0.0,0.0,0.0,0.0,0.0,10.94
0.0,0.0,0.0,0.0,0.0,0.0,0.0,0.0,11.04
0.0,0.0,0.0,0.0,0.0,0.0,0.0,0.0,11.13
0.0,0.0,0.0,0.0,0.0,0.0,0.0,0.0,11.23
0.0,0.0,0.0,0.0,0.0,0.0,0.0,0.0,11.33
0.0,0.0,0.0,0.0,0.0,0.0,0.0,0.0,11.43
0.0,0.0,0.0,0.0,0.0,0.0,0.0,0.0,11.53
0.0,0.0,0.0,0.0,0.0,0.0,0.0,0.0,11.62
0.0,0.0,0.0,0.0,0.0,0.0,0.0,0.0,11.72
0.0,0.0,0.0,0.0,0.0,0.0,0.0,0.0,11.81
0.0,0.0,0.0,0.0,0.0,0.0,0.0,0.0,11.91
0.0,0.0,0.0,0.0,0.0,0.0,0.0,0.0,12.0
0.0,0.0,0.0,0.0,0.0,0.0,0.0,0.0,12.1
0.0,0.0,0.0,0.0,0.0,0.0,0.0,0.0,12.22
0.0,0.0,0.0,0.0,0.0,0.0,0.0,0.0,12.33
0.0,0.0,0.0,0.0,0.0,0.0,0.0,0.0,12.44
0.0,0.0,0.0,0.0,0.0,0.0,0.0,0.0,12.53
0.0,0.0,0.0,0.0,0.0,0.0,0.0,0.0,12.63
0.0,0.0,0.0,0.0,0.0,0.0,0.0,0.0,12.74
0.0,0.0,0.0,0.0,0.0,0.0,0.0,0.0,12.83
0.0,0.0,0.0,0.0,0.0,0.0,0.0,0.0,12.93
0.0,0.0,0.0,0.0,0.0,0.0,0.0,0.0,13.03
0.0,0.0,0.0,0.0,0.0,0.0,0.0,0.0,13.13
0.0,0.0,0.0,0.0,0.0,0.0,0.0,0.0,13.25
0.0,0.0,0.0,0.0,0.0,0.0,0.0,0.0,13.35
0.0,0.0,0.0,0.0,0.0,0.0,0.0,0.0,13.44
0.0,0.0,0.0,0.0,0.0,0.0,0.0,0.0,13.54
0.0,0.0,0.0,0.0,0.0,0.0,0.0,0.0,13.65
0.0,0.0,0.0,0.0,0.0,0.0,0.0,0.0,13.75
0.0,0.0,0.0,0.0,0.0,0.0,0.0,0.0,13.85
0.0,0.0,0.0,0.0,0.0,0.0,0.0,0.0,13.95
0.0,0.0,0.0,0.0,0.0,0.0,0.0,0.0,14.05
0.0,0.0,0.0,0.0,0.0,0.0,0.0,0.0,14.14
0.0,0.0,0.0,0.0,0.0,0.0,0.0,0.0,14.24
0.0,0.0,0.0,0.0,0.0,0.0,0.0,0.0,14.33
0.0,0.0,0.0,0.0,0.0,0.0,0.0,0.0,14.45
0.0,0.0,0.0,0.0,0.0,0.0,0.0,0.0,14.55
0.0,0.0,0.0,0.0,0.0,0.0,0.0,0.0,14.64
0.0,0.0,0.0,0.0,0.0,0.0,0.0,0.0,14.73
0.0,0.0,0.0,0.0,0.0,0.0,0.0,0.0,14.83
0.0,0.0,0.0,0.0,0.0,0.0,0.0,0.0,14.93
0.0,0.0,0.0,0.0,0.0,0.0,0.0,0.0,15.04
0.0,0.0,0.0,0.0,0.0,0.0,0.0,0.0,15.13
0.0,0.0,0.0,0.0,0.0,0.0,0.0,0.0,15.24
0.0,0.0,0.0,0.0,0.0,0.0,0.0,0.0,15.36
0.0,0.0,0.0,0.0,0.0,0.0,0.0,0.0,15.45
0.0,0.0,0.0,0.0,0.0,0.0,0.0,0.0,15.55
0.0,0.0,0.0,0.0,0.0,0.0,0.0,0.0,15.64
0.0,0.0,0.0,0.0,0.0,0.0,0.0,0.0,15.74
0.0,0.0,0.0,0.0,0.0,0.0,0.0,0.0,15.84
0.0,0.0,0.0,0.0,0.0,0.0,0.0,0.0,15.95
0.0,0.0,0.0,0.0,0.0,0.0,0.0,0.0,16.04
0.0,0.0,0.0,0.0,0.0,0.0,0.0,0.0,16.15
0.0,0.0,0.0,0.0,0.0,0.0,0.0,0.0,16.25
0.0,0.0,0.0,0.0,0.0,0.0,0.0,0.0,16.35
0.0,0.0,0.0,0.0,0.0,0.0,0.0,0.0,16.44
0.0,0.0,0.0,0.0,0.0,0.0,0.0,0.0,16.55
0.0,0.0,0.0,0.0,0.0,0.0,0.0,0.0,16.64
0.0,0.0,0.0,0.0,0.0,0.0,0.0,0.0,16.75
0.0,0.0,0.0,0.0,0.0,0.0,0.0,0.0,16.85
0.0,0.0,0.0,0.0,0.0,0.0,0.0,0.0,16.94
0.0,0.0,0.0,0.0,0.0,0.0,0.0,0.0,17.04
0.0,0.0,0.0,0.0,0.0,0.0,0.0,0.0,17.14
0.0,0.0,0.0,0.0,0.0,0.0,0.0,0.0,17.24
0.0,0.0,0.0,0.0,0.0,0.0,0.0,0.0,17.33
0.0,0.0,0.0,0.0,0.0,0.0,0.0,0.0,17.44
0.0,0.0,0.0,0.0,0.0,0.0,0.0,0.0,17.54
0.0,0.0,0.0,0.0,0.0,0.0,0.0,0.0,17.63
0.0,0.0,0.0,0.0,0.0,0.0,0.0,0.0,17.75
0.0,0.0,0.0,0.0,0.0,0.0,0.0,0.0,17.86
0.0,0.0,0.0,0.0,0.0,0.0,0.0,0.0,17.95
0.0,0.0,0.0,0.0,0.0,0.0,0.0,0.0,18.05
0.0,0.0,0.0,0.0,0.0,0.0,0.0,0.0,18.15
0.0,0.0,0.0,0.0,0.0,0.0,0.0,0.0,18.24
0.0,0.0,0.0,0.0,0.0,0.0,0.0,0.0,18.34
0.0,0.0,0.0,0.0,0.0,0.0,0.0,0.0,18.43
0.0,0.0,0.0,0.0,0.0,0.0,0.0,0.0,18.53
0.0,0.0,0.0,0.0,0.0,0.0,0.0,0.0,18.63
0.0,0.0,0.0,0.0,0.0,0.0,0.0,0.0,18.73
0.0,0.0,0.0,0.0,0.0,0.0,0.0,0.0,18.83
0.0,0.0,0.0,0.0,0.0,0.0,0.0,0.0,18.92
0.0,0.0,0.0,0.0,0.0,0.0,0.0,0.0,19.03
0.0,0.0,0.0,0.0,0.0,0.0,0.0,0.0,19.13
0.0,0.0,0.0,0.0,0.0,0.0,0.0,0.0,19.22
0.0,0.0,0.0,0.0,0.0,0.0,0.0,0.0,19.33
0.0,0.0,0.0,0.0,0.0,0.0,0.0,0.0,19.43
0.0,0.0,0.0,0.0,0.0,0.0,0.0,0.0,19.52
0.0,0.0,0.0,0.0,0.0,0.0,0.0,0.0,19.61
0.0,0.0,0.0,0.0,0.0,0.0,0.0,0.0,19.72
0.0,0.0,0.0,0.0,0.0,0.0,0.0,0.0,19.81
0.0,0.0,0.0,0.0,0.0,0.0,0.0,0.0,19.91
0.0,0.0,0.0,0.0,0.0,0.0,0.0,0.0,20.01
0.0,0.0,0.0,0.0,0.0,0.0,0.0,0.0,20.11
0.0,0.0,0.0,0.0,0.0,0.0,0.0,0.0,20.21
0.0,0.0,0.0,0.0,0.0,0.0,0.0,0.0,20.3
0.0,0.0,0.0,0.0,0.0,0.0,0.0,0.0,20.4
0.0,0.0,0.0,0.0,0.0,0.0,0.0,0.0,20.5
0.0,0.0,0.0,0.0,0.0,0.0,0.0,0.0,20.6
0.0,0.0,0.0,0.0,0.0,0.0,0.0,0.0,20.7
0.0,0.0,0.0,0.0,0.0,0.0,0.0,0.0,20.8
0.0,0.0,0.0,0.0,0.0,0.0,0.0,0.0,20.9
0.0,0.0,0.0,0.0,0.0,0.0,0.0,0.0,21.0
0.0,0.0,0.0,0.0,0.0,0.0,0.0,0.0,21.09
0.0,0.0,0.0,0.0,0.0,0.0,0.0,0.0,21.19
0.0,0.0,0.0,0.0,0.0,0.0,0.0,0.0,21.29
0.0,0.0,0.0,0.0,0.0,0.0,0.0,0.0,21.38
0.0,0.0,0.0,0.0,0.0,0.0,0.0,0.0,21.48
0.0,0.0,0.0,0.0,0.0,0.0,0.0,0.0,21.58
0.0,0.0,0.0,0.0,0.0,0.0,0.0,0.0,21.69
0.0,0.0,0.0,0.0,0.0,0.0,0.0,0.0,21.8
0.0,0.0,0.0,0.0,0.0,0.0,0.0,0.0,21.9
0.0,0.0,0.0,0.0,0.0,0.0,0.0,0.0,21.99
0.0,0.0,0.0,0.0,0.0,0.0,0.0,0.0,22.09
0.0,0.0,0.0,0.0,0.0,0.0,0.0,0.0,22.19
0.0,0.0,0.0,0.0,0.0,0.0,0.0,0.0,22.29
0.0,0.0,0.0,0.0,0.0,0.0,0.0,0.0,22.38
0.0,0.0,0.0,0.0,0.0,0.0,0.0,0.0,22.47
0.0,0.0,0.0,0.0,0.0,0.0,0.0,0.0,22.58
0.0,0.0,0.0,0.0,0.0,0.0,0.0,0.0,22.69
0.0,0.0,0.0,0.0,0.0,0.0,0.0,0.0,22.79
0.0,0.0,0.0,0.0,0.0,0.0,0.0,0.0,22.89
0.0,0.0,0.0,0.0,0.0,0.0,0.0,0.0,22.99
0.0,0.0,0.0,0.0,0.0,0.0,0.0,0.0,23.08
0.0,0.0,0.0,0.0,0.0,0.0,0.0,0.0,23.18
0.0,0.0,0.0,0.0,0.0,0.0,0.0,0.0,23.28
0.0,0.0,0.0,0.0,0.0,0.0,0.0,0.0,23.39
0.0,0.0,0.0,0.0,0.0,0.0,0.0,0.0,23.49
0.0,0.0,0.0,0.0,0.0,0.0,0.0,0.0,23.59
0.0,0.0,0.0,0.0,0.0,0.0,0.0,0.0,23.68
0.0,0.0,0.0,0.0,0.0,0.0,0.0,0.0,23.78
0.0,0.0,0.0,0.0,0.0,0.0,0.0,0.0,23.87
0.0,0.0,0.0,0.0,0.0,0.0,0.0,0.0,23.97
0.0,0.0,0.0,0.0,0.0,0.0,0.0,0.0,24.07
0.0,0.0,0.0,0.0,0.0,0.0,0.0,0.0,24.19
0.0,0.0,0.0,0.0,0.0,0.0,0.0,0.0,24.29
0.0,0.0,0.0,0.0,0.0,0.0,0.0,0.0,24.38
0.0,0.0,0.0,0.0,0.0,0.0,0.0,0.0,24.48
0.0,0.0,0.0,0.0,0.0,0.0,0.0,0.0,24.58
0.0,0.0,0.0,0.0,0.0,0.0,0.0,0.0,24.68
0.0,0.0,0.0,0.0,0.0,0.0,0.0,0.0,24.78
0.0,0.0,0.0,0.0,0.0,0.0,0.0,0.0,24.88
0.0,0.0,0.0,0.0,0.0,0.0,0.0,0.0,24.98
0.0,0.0,0.0,0.0,0.0,0.0,0.0,0.0,25.08
0.0,0.0,0.0,0.0,0.0,0.0,0.0,0.0,25.17
0.0,0.0,0.0,0.0,0.0,0.0,0.0,0.0,25.27
0.0,0.0,0.0,0.0,0.0,0.0,0.0,0.0,25.37
0.0,0.0,0.0,0.0,0.0,0.0,0.0,0.0,25.47
0.0,0.0,0.0,0.0,0.0,0.0,0.0,0.0,25.57
0.0,0.0,0.0,0.0,0.0,0.0,0.0,0.0,25.66
0.0,0.0,0.0,0.0,0.0,0.0,0.0,0.0,25.76
0.0,0.0,0.0,0.0,0.0,0.0,0.0,0.0,25.86
0.0,0.0,0.0,0.0,0.0,0.0,0.0,0.0,25.96
0.0,0.0,0.0,0.0,0.0,0.0,0.0,0.0,26.06
0.0,0.0,0.0,0.0,0.0,0.0,0.0,0.0,26.15
0.0,0.0,0.0,0.0,0.0,0.0,0.0,0.0,26.25
0.0,0.0,0.0,0.0,0.0,0.0,0.0,0.0,26.35
0.0,0.0,0.0,0.0,0.0,0.0,0.0,0.0,26.45
0.0,0.0,0.0,0.0,0.0,0.0,0.0,0.0,26.54
0.0,0.0,0.0,0.0,0.0,0.0,0.0,0.0,26.64
0.0,0.0,0.0,0.0,0.0,0.0,0.0,0.0,26.74
0.0,0.0,0.0,0.0,0.0,0.0,0.0,0.0,26.84
0.0,0.0,0.0,0.0,0.0,0.0,0.0,0.0,26.94
0.0,0.0,0.0,0.0,0.0,0.0,0.0,0.0,27.04
0.0,0.0,0.0,0.0,0.0,0.0,0.0,0.0,27.14
0.0,0.0,0.0,0.0,0.0,0.0,0.0,0.0,27.24
0.0,0.0,0.0,0.0,0.0,0.0,0.0,0.0,27.33
0.0,0.0,0.0,0.0,0.0,0.0,0.0,0.0,27.43
0.0,0.0,0.0,0.0,0.0,0.0,0.0,0.0,27.53
0.0,0.0,0.0,0.0,0.0,0.0,0.0,0.0,27.62
0.0,0.0,0.0,0.0,0.0,0.0,0.0,0.0,27.73
0.0,0.0,0.0,0.0,0.0,0.0,0.0,0.0,27.83
0.0,0.0,0.0,0.0,0.0,0.0,0.0,0.0,27.93
0.0,0.0,0.0,0.0,0.0,0.0,0.0,0.0,28.03
0.0,0.0,0.0,0.0,0.0,0.0,0.0,0.0,28.14
0.0,0.0,0.0,0.0,0.0,0.0,0.0,0.0,28.23
0.0,0.0,0.0,0.0,0.0,0.0,0.0,0.0,28.33
0.0,0.0,0.0,0.0,0.0,0.0,0.0,0.0,28.43
0.0,0.0,0.0,0.0,0.0,0.0,0.0,0.0,28.53
0.0,0.0,0.0,0.0,0.0,0.0,0.0,0.0,28.62
0.0,0.0,0.0,0.0,0.0,0.0,0.0,0.0,28.72
0.0,0.0,0.0,0.0,0.0,0.0,0.0,0.0,28.81
0.0,0.0,0.0,0.0,0.0,0.0,0.0,0.0,28.91
0.0,0.0,0.0,0.0,0.0,0.0,0.0,0.0,29.01
0.0,0.0,0.0,0.0,0.0,0.0,0.0,0.0,29.12
0.0,0.0,0.0,0.0,0.0,0.0,0.0,0.0,29.22
0.0,0.0,0.0,0.0,0.0,0.0,0.0,0.0,29.31
0.0,0.0,0.0,0.0,0.0,0.0,0.0,0.0,29.42
0.0,0.0,0.0,0.0,0.0,0.0,0.0,0.0,29.52
0.0,0.0,0.0,0.0,0.0,0.0,0.0,0.0,29.62
0.0,0.0,0.0,0.0,0.0,0.0,0.0,0.0,29.73
0.0,0.0,0.0,0.0,0.0,0.0,0.0,0.0,29.83
0.0,0.0,0.0,0.0,0.0,0.0,0.0,0.0,29.93
0.0,0.0,0.0,0.0,0.0,0.0,0.0,0.0,30.03
0.0,0.0,0.0,0.0,0.0,0.0,0.0,0.0,30.12
0.0,0.0,0.0,0.0,0.0,0.0,0.0,0.0,30.22
0.0,0.0,0.0,0.0,0.0,0.0,0.0,0.0,30.32
0.0,0.0,0.0,0.0,0.0,0.0,0.0,0.0,30.42
0.0,0.0,0.0,0.0,0.0,0.0,0.0,0.0,30.53
0.0,0.0,0.0,0.0,0.0,0.0,0.0,0.0,30.65
0.0,0.0,0.0,0.0,0.0,0.0,0.0,0.0,30.76
0.0,0.0,0.0,0.0,0.0,0.0,0.0,0.0,30.85
0.0,0.0,0.0,0.0,0.0,0.0,0.0,0.0,30.95
0.0,0.0,0.0,0.0,0.0,0.0,0.0,0.0,31.05
0.0,0.0,0.0,0.0,0.0,0.0,0.0,0.0,31.14
0.0,0.0,0.0,0.0,0.0,0.0,0.0,0.0,31.24
0.0,0.0,0.0,0.0,0.0,0.0,0.0,0.0,31.34
0.0,0.0,0.0,0.0,0.0,0.0,0.0,0.0,31.43
0.0,0.0,0.0,0.0,0.0,0.0,0.0,0.0,31.53
0.0,0.0,0.0,0.0,0.0,0.0,0.0,0.0,31.63
0.0,0.0,0.0,0.0,0.0,0.0,0.0,0.0,31.73
0.0,0.0,0.0,0.0,0.0,0.0,0.0,0.0,31.83
0.0,0.0,0.0,0.0,0.0,0.0,0.0,0.0,31.92
0.0,0.0,0.0,0.0,0.0,0.0,0.0,0.0,32.03
0.0,0.0,0.0,0.0,0.0,0.0,0.0,0.0,32.12
0.0,0.0,0.0,0.0,0.0,0.0,0.0,0.0,32.22
0.0,0.0,0.0,0.0,0.0,0.0,0.0,0.0,32.32
0.0,0.0,0.0,0.0,0.0,0.0,0.0,0.0,32.42
0.0,0.0,0.0,0.0,0.0,0.0,0.0,0.0,32.51
0.0,0.0,0.0,0.0,0.0,0.0,0.0,0.0,32.61
0.0,0.0,0.0,0.0,0.0,0.0,0.0,0.0,32.71
0.0,0.0,0.0,0.0,0.0,0.0,0.0,0.0,32.8
0.0,0.0,0.0,0.0,0.0,0.0,0.0,0.0,32.91
0.0,0.0,0.0,0.0,0.0,0.0,0.0,0.0,33.02
0.0,0.0,0.0,0.0,0.0,0.0,0.0,0.0,33.11
0.0,0.0,0.0,0.0,0.0,0.0,0.0,0.0,33.21
0.0,0.0,0.0,0.0,0.0,0.0,0.0,0.0,33.31
0.0,0.0,0.0,0.0,0.0,0.0,0.0,0.0,33.42
0.0,0.0,0.0,0.0,0.0,0.0,0.0,0.0,33.52
0.0,0.0,0.0,0.0,0.0,0.0,0.0,0.0,33.62
0.0,0.0,0.0,0.0,0.0,0.0,0.0,0.0,33.72
0.0,0.0,0.0,0.0,0.0,0.0,0.0,0.0,33.82
0.0,0.0,0.0,0.0,0.0,0.0,0.0,0.0,33.92
0.0,0.0,0.0,0.0,0.0,0.0,0.0,0.0,34.02
0.0,0.0,0.0,0.0,0.0,0.0,0.0,0.0,34.13
0.0,0.0,0.0,0.0,0.0,0.0,0.0,0.0,34.23
0.0,0.0,0.0,0.0,0.0,0.0,0.0,0.0,34.32
0.0,0.0,0.0,0.0,0.0,0.0,0.0,0.0,34.42
0.0,0.0,0.0,0.0,0.0,0.0,0.0,0.0,34.53
0.0,0.0,0.0,0.0,0.0,0.0,0.0,0.0,34.62
0.0,0.0,0.0,0.0,0.0,0.0,0.0,0.0,34.72
0.0,0.0,0.0,0.0,0.0,0.0,0.0,0.0,34.82
0.0,0.0,0.0,0.0,0.0,0.0,0.0,0.0,34.92
0.0,0.0,0.0,0.0,0.0,0.0,0.0,0.0,35.02
0.0,0.0,0.0,0.0,0.0,0.0,0.0,0.0,35.12
0.0,0.0,0.0,0.0,0.0,0.0,0.0,0.0,35.21
0.0,0.0,0.0,0.0,0.0,0.0,0.0,0.0,35.31
0.0,0.0,0.0,0.0,0.0,0.0,0.0,0.0,35.41
0.0,0.0,0.0,0.0,0.0,0.0,0.0,0.0,35.51
0.0,0.0,0.0,0.0,0.0,0.0,0.0,0.0,35.62
0.0,0.0,0.0,0.0,0.0,0.0,0.0,0.0,35.71
0.0,0.0,0.0,0.0,0.0,0.0,0.0,0.0,35.82
0.0,0.0,0.0,0.0,0.0,0.0,0.0,0.0,35.91
0.0,0.0,0.0,0.0,0.0,0.0,0.0,0.0,36.01
0.0,0.0,0.0,0.0,0.0,0.0,0.0,0.0,36.11
0.0,0.0,0.0,0.0,0.0,0.0,0.0,0.0,36.21
0.0,0.0,0.0,0.0,0.0,0.0,0.0,0.0,36.31
0.0,0.0,0.0,0.0,0.0,0.0,0.0,0.0,36.41
0.0,0.0,0.0,0.0,0.0,0.0,0.0,0.0,36.51
0.0,0.0,0.0,0.0,0.0,0.0,0.0,0.0,36.61
0.0,0.0,0.0,0.0,0.0,0.0,0.0,0.0,36.71
0.0,0.0,0.0,0.0,0.0,0.0,0.0,0.0,36.81
0.0,0.0,0.0,0.0,0.0,0.0,0.0,0.0,36.9
0.0,0.0,0.0,0.0,0.0,0.0,0.0,0.0,37.0
0.0,0.0,0.0,0.0,0.0,0.0,0.0,0.0,37.1
0.0,0.0,0.0,0.0,0.0,0.0,0.0,0.0,37.2
0.0,0.0,0.0,0.0,0.0,0.0,0.0,0.0,37.31
0.0,0.0,0.0,0.0,0.0,0.0,0.0,0.0,37.41
0.0,0.0,0.0,0.0,0.0,0.0,0.0,0.0,37.51
0.0,0.0,0.0,0.0,0.0,0.0,0.0,0.0,37.61
0.0,0.0,0.0,0.0,0.0,0.0,0.0,0.0,37.7
0.0,0.0,0.0,0.0,0.0,0.0,0.0,0.0,37.8
0.0,0.0,0.0,0.0,0.0,0.0,0.0,0.0,37.9
0.0,0.0,0.0,0.0,0.0,0.0,0.0,0.0,38.0
0.0,0.0,0.0,0.0,0.0,0.0,0.0,0.0,38.09
0.0,0.0,0.0,0.0,0.0,0.0,0.0,0.0,38.19
0.0,0.0,0.0,0.0,0.0,0.0,0.0,0.0,38.28
0.0,0.0,0.0,0.0,0.0,0.0,0.0,0.0,38.39
0.0,0.0,0.0,0.0,0.0,0.0,0.0,0.0,38.49
0.0,0.0,0.0,0.0,0.0,0.0,0.0,0.0,38.58
0.0,0.0,0.0,0.0,0.0,0.0,0.0,0.0,38.68
0.0,0.0,0.0,0.0,0.0,0.0,0.0,0.0,38.78
0.0,0.0,0.0,0.0,0.0,0.0,0.0,0.0,38.89
0.0,0.0,0.0,0.0,0.0,0.0,0.0,0.0,39.0
0.0,0.0,0.0,0.0,0.0,0.0,0.0,0.0,39.1
0.0,0.0,0.0,0.0,0.0,0.0,0.0,0.0,39.2
0.0,0.0,0.0,0.0,0.0,0.0,0.0,0.0,39.29
0.0,0.0,0.0,0.0,0.0,0.0,0.0,0.0,39.39
0.0,0.0,0.0,0.0,0.0,0.0,0.0,0.0,39.49
0.0,0.0,0.0,0.0,0.0,0.0,0.0,0.0,39.58
0.0,0.0,0.0,0.0,0.0,0.0,0.0,0.0,39.68
0.0,0.0,0.0,0.0,0.0,0.0,0.0,0.0,39.78
0.0,0.0,0.0,0.0,0.0,0.0,0.0,0.0,39.89
0.0,0.0,0.0,0.0,0.0,0.0,0.0,0.0,39.99
0.0,0.0,0.0,0.0,0.0,0.0,0.0,0.0,40.08
0.0,0.0,0.0,0.0,0.0,0.0,0.0,0.0,40.18
0.0,0.0,0.0,0.0,0.0,0.0,0.0,0.0,40.27
0.0,0.0,0.0,0.0,0.0,0.0,0.0,0.0,40.37
0.0,0.0,0.0,0.0,0.0,0.0,0.0,0.0,40.47
0.0,0.0,0.0,0.0,0.0,0.0,0.0,0.0,40.57
0.0,0.0,0.0,0.0,0.0,0.0,0.0,0.0,40.67
0.0,0.0,0.0,0.0,0.0,0.0,0.0,0.0,40.78
0.0,0.0,0.0,0.0,0.0,0.0,0.0,0.0,40.87
0.0,0.0,0.0,0.0,0.0,0.0,0.0,0.0,40.98
0.0,0.0,0.0,0.0,0.0,0.0,0.0,0.0,41.08
0.0,0.0,0.0,0.0,0.0,0.0,0.0,0.0,41.17
0.0,0.0,0.0,0.0,0.0,0.0,0.0,0.0,41.27
0.0,0.0,0.0,0.0,0.0,0.0,0.0,0.0,41.36
0.0,0.0,0.0,0.0,0.0,0.0,0.0,0.0,41.46
0.0,0.0,0.0,0.0,0.0,0.0,0.0,0.0,41.57
0.0,0.0,0.0,0.0,0.0,0.0,0.0,0.0,41.67
0.0,0.0,0.0,0.0,0.0,0.0,0.0,0.0,41.77
0.0,0.0,0.0,0.0,0.0,0.0,0.0,0.0,41.87
0.0,0.0,0.0,0.0,0.0,0.0,0.0,0.0,41.97
0.0,0.0,0.0,0.0,0.0,0.0,0.0,0.0,42.07
0.0,0.0,0.0,0.0,0.0,0.0,0.0,0.0,42.17
0.0,0.0,0.0,0.0,0.0,0.0,0.0,0.0,42.27
0.0,0.0,0.0,0.0,0.0,0.0,0.0,0.0,42.37
0.0,0.0,0.0,0.0,0.0,0.0,0.0,0.0,42.47
0.0,0.0,0.0,0.0,0.0,0.0,0.0,0.0,42.57
0.0,0.0,0.0,0.0,0.0,0.0,0.0,0.0,42.7
0.0,0.0,0.0,0.0,0.0,0.0,0.0,0.0,42.8
0.0,0.0,0.0,0.0,0.0,0.0,0.0,0.0,42.89
0.0,0.0,0.0,0.0,0.0,0.0,0.0,0.0,43.01
0.0,0.0,0.0,0.0,0.0,0.0,0.0,0.0,43.11
0.0,0.0,0.0,0.0,0.0,0.0,0.0,0.0,43.2
0.0,0.0,0.0,0.0,0.0,0.0,0.0,0.0,43.3
0.0,0.0,0.0,0.0,0.0,0.0,0.0,0.0,43.4
0.0,0.0,0.0,0.0,0.0,0.0,0.0,0.0,43.5
0.0,0.0,0.0,0.0,0.0,0.0,0.0,0.0,43.6
0.0,0.0,0.0,0.0,0.0,0.0,0.0,0.0,43.7
0.0,0.0,0.0,0.0,0.0,0.0,0.0,0.0,43.79
0.0,0.0,0.0,0.0,0.0,0.0,0.0,0.0,43.92
0.0,0.0,0.0,0.0,0.0,0.0,0.0,0.0,44.02
0.0,0.0,0.0,0.0,0.0,0.0,0.0,0.0,44.12
0.0,0.0,0.0,0.0,0.0,0.0,0.0,0.0,44.21
0.0,0.0,0.0,0.0,0.0,0.0,0.0,0.0,44.33
0.0,0.0,0.0,0.0,0.0,0.0,0.0,0.0,44.43
0.0,0.0,0.0,0.0,0.0,0.0,0.0,0.0,44.52
0.0,0.0,0.0,0.0,0.0,0.0,0.0,0.0,44.62
0.0,0.0,0.0,0.0,0.0,0.0,0.0,0.0,44.73
0.0,0.0,0.0,0.0,0.0,0.0,0.0,0.0,44.83
0.0,0.0,0.0,0.0,0.0,0.0,0.0,0.0,44.92
0.0,0.0,0.0,0.0,0.0,0.0,0.0,0.0,45.02
0.0,0.0,0.0,0.0,0.0,0.0,0.0,0.0,45.12
0.0,0.0,0.0,0.0,0.0,0.0,0.0,0.0,45.22
0.0,0.0,0.0,0.0,0.0,0.0,0.0,0.0,45.32
0.0,0.0,0.0,0.0,0.0,0.0,0.0,0.0,45.42
0.0,0.0,0.0,0.0,0.0,0.0,0.0,0.0,45.51
0.0,0.0,0.0,0.0,0.0,0.0,0.0,0.0,45.61
0.0,0.0,0.0,0.0,0.0,0.0,0.0,0.0,45.71
0.0,0.0,0.0,0.0,0.0,0.0,0.0,0.0,45.8
0.0,0.0,0.0,0.0,0.0,0.0,0.0,0.0,45.9
0.0,0.0,0.0,0.0,0.0,0.0,0.0,0.0,46.0
0.0,0.0,0.0,0.0,0.0,0.0,0.0,0.0,46.1
0.0,0.0,0.0,0.0,0.0,0.0,0.0,0.0,46.19
0.0,0.0,0.0,0.0,0.0,0.0,0.0,0.0,46.29
0.0,0.0,0.0,0.0,0.0,0.0,0.0,0.0,46.39
0.0,0.0,0.0,0.0,0.0,0.0,0.0,0.0,46.48
0.0,0.0,0.0,0.0,0.0,0.0,0.0,0.0,46.58
0.0,0.0,0.0,0.0,0.0,0.0,0.0,0.0,46.68
0.0,0.0,0.0,0.0,0.0,0.0,0.0,0.0,46.78
0.0,0.0,0.0,0.0,0.0,0.0,0.0,0.0,46.88
0.0,0.0,0.0,0.0,0.0,0.0,0.0,0.0,46.98
0.0,0.0,0.0,0.0,0.0,0.0,0.0,0.0,47.07
0.0,0.0,0.0,0.0,0.0,0.0,0.0,0.0,47.17
0.0,0.0,0.0,0.0,0.0,0.0,0.0,0.0,47.27
0.0,0.0,0.0,0.0,0.0,0.0,0.0,0.0,47.37
0.0,0.0,0.0,0.0,0.0,0.0,0.0,0.0,47.46
0.0,0.0,0.0,0.0,0.0,0.0,0.0,0.0,47.57
0.0,0.0,0.0,0.0,0.0,0.0,0.0,0.0,47.67
0.0,0.0,0.0,0.0,0.0,0.0,0.0,0.0,47.76
0.0,0.0,0.0,0.0,0.0,0.0,0.0,0.0,47.86
0.0,0.0,0.0,0.0,0.0,0.0,0.0,0.0,47.96
0.0,0.0,0.0,0.0,0.0,0.0,0.0,0.0,48.06
0.0,0.0,0.0,0.0,0.0,0.0,0.0,0.0,48.16
0.0,0.0,0.0,0.0,0.0,0.0,0.0,0.0,48.26
0.0,0.0,0.0,0.0,0.0,0.0,0.0,0.0,48.36
0.0,0.0,0.0,0.0,0.0,0.0,0.0,0.0,48.45
0.0,0.0,0.0,0.0,0.0,0.0,0.0,0.0,48.55
0.0,0.0,0.0,0.0,0.0,0.0,0.0,0.0,48.65
0.0,0.0,0.0,0.0,0.0,0.0,0.0,0.0,48.74
0.0,0.0,0.0,0.0,0.0,0.0,0.0,0.0,48.83
0.0,0.0,0.0,0.0,0.0,0.0,0.0,0.0,48.94
0.0,0.0,0.0,0.0,0.0,0.0,0.0,0.0,49.03
0.0,0.0,0.0,0.0,0.0,0.0,0.0,0.0,49.13
0.0,0.0,0.0,0.0,0.0,0.0,0.0,0.0,49.26
0.0,0.0,0.0,0.0,0.0,0.0,0.0,0.0,49.36
0.0,0.0,0.0,0.0,0.0,0.0,0.0,0.0,49.45
0.0,0.0,0.0,0.0,0.0,0.0,0.0,0.0,49.55
0.0,0.0,0.0,0.0,0.0,0.0,0.0,0.0,49.64
0.0,0.0,0.0,0.0,0.0,0.0,0.0,0.0,49.74
0.0,0.0,0.0,0.0,0.0,0.0,0.0,0.0,49.83
0.0,0.0,0.0,0.0,0.0,0.0,0.0,0.0,49.93
0.0,0.0,0.0,0.0,0.0,0.0,0.0,0.0,50.03
0.0,0.0,0.0,0.0,0.0,0.0,0.0,0.0,50.13
0.0,0.0,0.0,0.0,0.0,0.0,0.0,0.0,50.22
0.0,0.0,0.0,0.0,0.0,0.0,0.0,0.0,50.33
0.0,0.0,0.0,0.0,0.0,0.0,0.0,0.0,50.43
0.0,0.0,0.0,0.0,0.0,0.0,0.0,0.0,50.53
0.0,0.0,0.0,0.0,0.0,0.0,0.0,0.0,50.62
0.0,0.0,0.0,0.0,0.0,0.0,0.0,0.0,50.72
0.0,0.0,0.0,0.0,0.0,0.0,0.0,0.0,50.81
0.0,0.0,0.0,0.0,0.0,0.0,0.0,0.0,50.91
0.0,0.0,0.0,0.0,0.0,0.0,0.0,0.0,51.0
0.0,0.0,0.0,0.0,0.0,0.0,0.0,0.0,51.11
0.0,0.0,0.0,0.0,0.0,0.0,0.0,0.0,51.22
0.0,0.0,0.0,0.0,0.0,0.0,0.0,0.0,51.32
0.0,0.0,0.0,0.0,0.0,0.0,0.0,0.0,51.42
0.0,0.0,0.0,0.0,0.0,0.0,0.0,0.0,51.52
0.0,0.0,0.0,0.0,0.0,0.0,0.0,0.0,51.62
0.0,0.0,0.0,0.0,0.0,0.0,0.0,0.0,51.71
0.0,0.0,0.0,0.0,0.0,0.0,0.0,0.0,51.81
0.0,0.0,0.0,0.0,0.0,0.0,0.0,0.0,51.91
0.0,0.0,0.0,0.0,0.0,0.0,0.0,0.0,52.01
0.0,0.0,0.0,0.0,0.0,0.0,0.0,0.0,52.1
0.0,0.0,0.0,0.0,0.0,0.0,0.0,0.0,52.21
0.0,0.0,0.0,0.0,0.0,0.0,0.0,0.0,52.31
0.0,0.0,0.0,0.0,0.0,0.0,0.0,0.0,52.41
0.0,0.0,0.0,0.0,0.0,0.0,0.0,0.0,52.51
0.0,0.0,0.0,0.0,0.0,0.0,0.0,0.0,52.61
0.0,0.0,0.0,0.0,0.0,0.0,0.0,0.0,52.7
0.0,0.0,0.0,0.0,0.0,0.0,0.0,0.0,52.81
0.0,0.0,0.0,0.0,0.0,0.0,0.0,0.0,52.9
0.0,0.0,0.0,0.0,0.0,0.0,0.0,0.0,53.01
0.0,0.0,0.0,0.0,0.0,0.0,0.0,0.0,53.11
0.0,0.0,0.0,0.0,0.0,0.0,0.0,0.0,53.21
0.0,0.0,0.0,0.0,0.0,0.0,0.0,0.0,53.31
0.0,0.0,0.0,0.0,0.0,0.0,0.0,0.0,53.41
0.0,0.0,0.0,0.0,0.0,0.0,0.0,0.0,53.51
0.0,0.0,0.0,0.0,0.0,0.0,0.0,0.0,53.61
0.0,0.0,0.0,0.0,0.0,0.0,0.0,0.0,53.73
0.0,0.0,0.0,0.0,0.0,0.0,0.0,0.0,53.84
0.0,0.0,0.0,0.0,0.0,0.0,0.0,0.0,53.94
0.0,0.0,0.0,0.0,0.0,0.0,0.0,0.0,54.03
0.0,0.0,0.0,0.0,0.0,0.0,0.0,0.0,54.13
0.0,0.0,0.0,0.0,0.0,0.0,0.0,0.0,54.22
0.0,0.0,0.0,0.0,0.0,0.0,0.0,0.0,54.32
0.0,0.0,0.0,0.0,0.0,0.0,0.0,0.0,54.43
0.0,0.0,0.0,0.0,0.0,0.0,0.0,0.0,54.52
0.0,0.0,0.0,0.0,0.0,0.0,0.0,0.0,54.62
0.0,0.0,0.0,0.0,0.0,0.0,0.0,0.0,54.72
0.0,0.0,0.0,0.0,0.0,0.0,0.0,0.0,54.81
0.0,0.0,0.0,0.0,0.0,0.0,0.0,0.0,54.92
0.0,0.0,0.0,0.0,0.0,0.0,0.0,0.0,55.02
0.0,0.0,0.0,0.0,0.0,0.0,0.0,0.0,55.12
0.0,0.0,0.0,0.0,0.0,0.0,0.0,0.0,55.22
0.0,0.0,0.0,0.0,0.0,0.0,0.0,0.0,55.32
0.0,0.0,0.0,0.0,0.0,0.0,0.0,0.0,55.43
0.0,0.0,0.0,0.0,0.0,0.0,0.0,0.0,55.52
0.0,0.0,0.0,0.0,0.0,0.0,0.0,0.0,55.62
0.0,0.0,0.0,0.0,0.0,0.0,0.0,0.0,55.72
0.0,0.0,0.0,0.0,0.0,0.0,0.0,0.0,55.82
0.0,0.0,0.0,0.0,0.0,0.0,0.0,0.0,55.92
0.0,0.0,0.0,0.0,0.0,0.0,0.0,0.0,56.02
0.0,0.0,0.0,0.0,0.0,0.0,0.0,0.0,56.12
0.0,0.0,0.0,0.0,0.0,0.0,0.0,0.0,56.21
0.0,0.0,0.0,0.0,0.0,0.0,0.0,0.0,56.31
0.0,0.0,0.0,0.0,0.0,0.0,0.0,0.0,56.41
0.0,0.0,0.0,0.0,0.0,0.0,0.0,0.0,56.51
0.0,0.0,0.0,0.0,0.0,0.0,0.0,0.0,56.6
0.0,0.0,0.0,0.0,0.0,0.0,0.0,0.0,56.71
0.0,0.0,0.0,0.0,0.0,0.0,0.0,0.0,56.81
0.0,0.0,0.0,0.0,0.0,0.0,0.0,0.0,56.91
0.0,0.0,0.0,0.0,0.0,0.0,0.0,0.0,57.01
0.0,0.0,0.0,0.0,0.0,0.0,0.0,0.0,57.1
0.0,0.0,0.0,0.0,0.0,0.0,0.0,0.0,57.22
0.0,0.0,0.0,0.0,0.0,0.0,0.0,0.0,57.32
0.0,0.0,0.0,0.0,0.0,0.0,0.0,0.0,57.42
0.0,0.0,0.0,0.0,0.0,0.0,0.0,0.0,57.52
0.0,0.0,0.0,0.0,0.0,0.0,0.0,0.0,57.63
0.0,0.0,0.0,0.0,0.0,0.0,0.0,0.0,57.74
0.0,0.0,0.0,0.0,0.0,0.0,0.0,0.0,57.83
0.0,0.0,0.0,0.0,0.0,0.0,0.0,0.0,57.95
0.0,0.0,0.0,0.0,0.0,0.0,0.0,0.0,58.07
0.0,0.0,0.0,0.0,0.0,0.0,0.0,0.0,58.16
0.0,0.0,0.0,0.0,0.0,0.0,0.0,0.0,58.27
0.0,0.0,0.0,0.0,0.0,0.0,0.0,0.0,58.36
0.0,0.0,0.0,0.0,0.0,0.0,0.0,0.0,58.46
0.0,0.0,0.0,0.0,0.0,0.0,0.0,0.0,58.56
0.0,0.0,0.0,0.0,0.0,0.0,0.0,0.0,58.66
0.0,0.0,0.0,0.0,0.0,0.0,0.0,0.0,58.76
0.0,0.0,0.0,0.0,0.0,0.0,0.0,0.0,58.88
0.0,0.0,0.0,0.0,0.0,0.0,0.0,0.0,58.98
0.0,0.0,0.0,0.0,0.0,0.0,0.0,0.0,59.08
0.0,0.0,0.0,0.0,0.0,0.0,0.0,0.0,59.18
0.0,0.0,0.0,0.0,0.0,0.0,0.0,0.0,59.31
0.0,0.0,0.0,0.0,0.0,0.0,0.0,0.0,59.41
0.0,0.0,0.0,0.0,0.0,0.0,0.0,0.0,59.51
0.0,0.0,0.0,0.0,0.0,0.0,0.0,0.0,59.62
0.0,0.0,0.0,0.0,0.0,0.0,0.0,0.0,59.71
0.0,0.0,0.0,0.0,0.0,0.0,0.0,0.0,59.82
0.0,0.0,0.0,0.0,0.0,0.0,0.0,0.0,59.91
0.0,0.0,0.0,0.0,0.0,0.0,0.0,0.0,60.01
0.0,0.0,0.0,0.0,0.0,0.0,0.0,0.0,60.11
0.0,0.0,0.0,0.0,0.0,0.0,0.0,0.0,60.22
0.0,0.0,0.0,0.0,0.0,0.0,0.0,0.0,60.32
0.0,0.0,0.0,0.0,0.0,0.0,0.0,0.0,60.42
0.0,0.0,0.0,0.0,0.0,0.0,0.0,0.0,60.53
0.0,0.0,0.0,0.0,0.0,0.0,0.0,0.0,60.63
0.0,0.0,0.0,0.0,0.0,0.0,0.0,0.0,60.72
0.0,0.0,0.0,0.0,0.0,0.0,0.0,0.0,60.82
0.0,0.0,0.0,0.0,0.0,0.0,0.0,0.0,60.92
0.0,0.0,0.0,0.0,0.0,0.0,0.0,0.0,61.02
0.0,0.0,0.0,0.0,0.0,0.0,0.0,0.0,61.11
0.0,0.0,0.0,0.0,0.0,0.0,0.0,0.0,61.22
0.0,0.0,0.0,0.0,0.0,0.0,0.0,0.0,61.32
0.0,0.0,0.0,0.0,0.0,0.0,0.0,0.0,61.42
0.0,0.0,0.0,0.0,0.0,0.0,0.0,0.0,61.52
0.0,0.0,0.0,0.0,0.0,0.0,0.0,0.0,61.61
0.0,0.0,0.0,0.0,0.0,0.0,0.0,0.0,61.71
0.0,0.0,0.0,0.0,0.0,0.0,0.0,0.0,61.81
0.0,0.0,0.0,0.0,0.0,0.0,0.0,0.0,61.91
0.0,0.0,0.0,0.0,0.0,0.0,0.0,0.0,62.01
0.0,0.0,0.0,0.0,0.0,0.0,0.0,0.0,62.11
0.0,0.0,0.0,0.0,0.0,0.0,0.0,0.0,62.21
0.0,0.0,0.0,0.0,0.0,0.0,0.0,0.0,62.31
0.0,0.0,0.0,0.0,0.0,0.0,0.0,0.0,62.41
0.0,0.0,0.0,0.0,0.0,0.0,0.0,0.0,62.51
0.0,0.0,0.0,0.0,0.0,0.0,0.0,0.0,62.61
0.0,0.0,0.0,0.0,0.0,0.0,0.0,0.0,62.73
0.0,0.0,0.0,0.0,0.0,0.0,0.0,0.0,62.83
0.0,0.0,0.0,0.0,0.0,0.0,0.0,0.0,62.92
0.0,0.0,0.0,0.0,0.0,0.0,0.0,0.0,63.02
0.0,0.0,0.0,0.0,0.0,0.0,0.0,0.0,63.12
0.0,0.0,0.0,0.0,0.0,0.0,0.0,0.0,63.22
0.0,0.0,0.0,0.0,0.0,0.0,0.0,0.0,63.31
0.0,0.0,0.0,0.0,0.0,0.0,0.0,0.0,63.42
0.0,0.0,0.0,0.0,0.0,0.0,0.0,0.0,63.51
0.0,0.0,0.0,0.0,0.0,0.0,0.0,0.0,63.61
0.0,0.0,0.0,0.0,0.0,0.0,0.0,0.0,63.71
0.0,0.0,0.0,0.0,0.0,0.0,0.0,0.0,63.81
0.0,0.0,0.0,0.0,0.0,0.0,0.0,0.0,63.9
0.0,0.0,0.0,0.0,0.0,0.0,0.0,0.0,64.0
0.0,0.0,0.0,0.0,0.0,0.0,0.0,0.0,64.1
0.0,0.0,0.0,0.0,0.0,0.0,0.0,0.0,64.2
0.0,0.0,0.0,0.0,0.0,0.0,0.0,0.0,64.29
0.0,0.0,0.0,0.0,0.0,0.0,0.0,0.0,64.4
0.0,0.0,0.0,0.0,0.0,0.0,0.0,0.0,64.5
0.0,0.0,0.0,0.0,0.0,0.0,0.0,0.0,64.59
0.0,0.0,0.0,0.0,0.0,0.0,0.0,0.0,64.69
0.0,0.0,0.0,0.0,0.0,0.0,0.0,0.0,64.78
0.0,0.0,0.0,0.0,0.0,0.0,0.0,0.0,64.88
0.0,0.0,0.0,0.0,0.0,0.0,0.0,0.0,64.99
0.0,0.0,0.0,0.0,0.0,0.0,0.0,0.0,65.09
0.0,0.0,0.0,0.0,0.0,0.0,0.0,0.0,65.2
0.0,0.0,0.0,0.0,0.0,0.0,0.0,0.0,65.3
0.0,0.0,0.0,0.0,0.0,0.0,0.0,0.0,65.4
0.0,0.0,0.0,0.0,0.0,0.0,0.0,0.0,65.51
1.0,0.0,0.0,0.0,0.0,0.0,0.0,0.0,65.6
1.0,0.0,0.0,0.0,0.0,0.0,0.0,0.0,65.71
1.0,0.0,0.0,0.0,0.0,0.0,0.0,0.0,65.8
1.0,0.0,0.0,0.0,0.0,0.0,0.0,0.0,65.9
1.0,0.0,0.0,0.0,0.0,0.0,0.0,0.0,66.0
1.0,0.0,0.0,0.0,0.0,0.0,0.0,0.0,66.1
1.0,0.0,0.0,0.0,0.0,0.0,0.0,0.0,66.2
1.0,0.0,0.0,0.0,0.0,0.0,0.0,0.0,66.3
1.0,0.0,0.0,0.0,0.0,0.0,0.0,0.0,66.39
1.0,0.0,0.0,0.0,0.0,0.0,0.0,0.0,66.49
1.0,0.0,0.0,0.0,0.0,0.0,0.0,0.0,66.59
1.0,0.0,0.0,0.0,0.0,0.0,0.0,0.0,66.69
1.0,0.0,0.0,0.0,0.0,0.0,0.0,0.0,66.79
1.0,0.0,0.0,0.0,0.0,0.0,0.0,0.0,66.88
1.0,0.0,0.0,0.0,0.0,0.0,0.0,0.0,66.98
1.0,0.0,0.0,0.0,0.0,0.0,0.0,0.0,67.08
1.0,0.0,0.0,0.0,0.0,0.0,0.0,0.0,67.17
1.0,0.0,0.0,0.0,0.0,0.0,0.0,0.0,67.3
1.0,0.0,0.0,0.0,0.0,0.0,0.0,0.0,67.4
1.0,0.0,0.0,0.0,0.0,0.0,0.0,0.0,67.5
1.0,0.0,0.0,0.0,0.0,0.0,0.0,0.0,67.59
1.0,0.0,0.0,0.0,0.0,0.0,0.0,0.0,67.7
1.0,0.0,0.0,0.0,0.0,0.0,0.0,0.0,67.79
1.0,0.0,0.0,0.0,0.0,0.0,0.0,0.0,67.9
1.0,0.0,0.0,0.0,0.0,0.0,0.0,0.0,68.01
1.0,0.0,0.0,0.0,0.0,0.0,0.0,0.0,68.1
1.0,0.0,0.0,0.0,0.0,0.0,0.0,0.0,68.21
1.0,0.0,0.0,0.0,0.0,0.0,0.0,0.0,68.3
1.0,0.0,0.0,0.0,0.0,0.0,0.0,0.0,68.4
1.0,0.0,0.0,0.0,0.0,0.0,0.0,0.0,68.49
1.0,0.0,0.0,0.0,0.0,0.0,0.0,0.0,68.59
1.0,0.0,0.0,0.0,0.0,0.0,0.0,0.0,68.69
1.0,0.0,0.0,0.0,0.0,0.0,0.0,0.0,68.78
1.0,0.0,0.0,0.0,0.0,0.0,0.0,0.0,68.88
1.0,0.0,0.0,0.0,0.0,0.0,0.0,0.0,68.98
1.0,0.0,0.0,0.0,0.0,0.0,0.0,0.0,69.07
1.0,0.0,0.0,0.0,0.0,0.0,0.0,0.0,69.17
1.0,0.0,0.0,0.0,0.0,0.0,0.0,0.0,69.28
1.0,0.0,0.0,0.0,0.0,0.0,0.0,0.0,69.38
1.0,0.0,0.0,0.0,0.0,0.0,0.0,0.0,69.48
1.0,0.0,0.0,0.0,0.0,0.0,0.0,0.0,69.6
1.0,0.0,0.0,0.0,0.0,0.0,0.0,0.0,69.7
1.0,0.0,0.0,0.0,0.0,0.0,0.0,0.0,69.8
1.0,0.0,0.0,0.0,0.0,0.0,0.0,0.0,69.9
1.0,0.0,0.0,0.0,0.0,0.0,0.0,0.0,69.99
1.0,0.0,0.0,0.0,0.0,0.0,0.0,0.0,70.09
1.0,0.0,0.0,0.0,0.0,0.0,0.0,0.0,70.21
1.0,0.0,0.0,0.0,0.0,0.0,0.0,0.0,70.3
1.0,0.0,0.0,0.0,0.0,0.0,0.0,0.0,70.4
1.0,0.0,0.0,0.0,0.0,0.0,0.0,0.0,70.5
1.0,0.0,0.0,0.0,0.0,0.0,0.0,0.0,70.6
1.0,0.0,0.0,0.0,0.0,0.0,0.0,0.0,70.69
1.0,0.0,0.0,0.0,0.0,0.0,0.0,0.0,70.79
1.0,0.0,0.0,0.0,0.0,0.0,0.0,0.0,70.89
1.0,0.0,0.0,0.0,0.0,0.0,0.0,0.0,70.99
1.0,0.0,0.0,0.0,0.0,0.0,0.0,0.0,71.09
1.0,0.0,0.0,0.0,0.0,0.0,0.0,0.0,71.19
1.0,0.0,0.0,0.0,0.0,0.0,0.0,0.0,71.28
1.0,0.0,0.0,0.0,0.0,0.0,0.0,0.0,71.38
1.0,0.0,0.0,0.0,0.0,0.0,0.0,0.0,71.5
1.0,0.0,0.0,0.0,0.0,0.0,0.0,0.0,71.6
1.0,0.0,0.0,0.0,0.0,0.0,0.0,0.0,71.69
1.0,0.0,0.0,0.0,0.0,0.0,0.0,0.0,71.81
1.0,0.0,0.0,0.0,0.0,0.0,0.0,0.0,71.91
1.0,0.0,0.0,0.0,0.0,0.0,0.0,0.0,72.01
1.0,0.0,0.0,0.0,0.0,0.0,0.0,0.0,72.12
1.0,0.0,0.0,0.0,0.0,0.0,0.0,0.0,72.22
1.0,0.0,0.0,0.0,0.0,0.0,0.0,0.0,72.32
1.0,0.0,0.0,0.0,0.0,0.0,0.0,0.0,72.42
1.0,0.0,0.0,0.0,0.0,0.0,0.0,0.0,72.52
1.0,0.0,0.0,0.0,0.0,0.0,0.0,0.0,72.62
1.0,0.0,0.0,0.0,0.0,0.0,0.0,0.0,72.71
1.0,0.0,0.0,0.0,0.0,0.0,0.0,0.0,72.81
1.0,0.0,0.0,0.0,0.0,0.0,0.0,0.0,72.91
1.0,0.0,0.0,0.0,0.0,0.0,0.0,0.0,73.01
1.0,0.0,0.0,0.0,0.0,0.0,0.0,0.0,73.11
1.0,0.0,0.0,0.0,0.0,0.0,0.0,0.0,73.21
1.0,0.0,0.0,0.0,0.0,0.0,0.0,0.0,73.31
1.0,0.0,0.0,0.0,0.0,0.0,0.0,0.0,73.41
1.0,0.0,0.0,0.0,0.0,0.0,0.0,0.0,73.5
1.0,0.0,0.0,0.0,0.0,0.0,0.0,0.0,73.61
1.0,0.0,0.0,0.0,0.0,0.0,0.0,0.0,73.7
1.0,0.0,0.0,0.0,0.0,0.0,0.0,0.0,73.8
1.0,0.0,0.0,0.0,0.0,0.0,0.0,0.0,73.9
1.0,0.0,0.0,0.0,0.0,0.0,0.0,0.0,73.99
1.0,0.0,0.0,0.0,0.0,0.0,0.0,0.0,74.09
1.0,0.0,0.0,0.0,0.0,0.0,0.0,0.0,74.19
1.0,0.0,0.0,0.0,0.0,0.0,0.0,0.0,74.28
1.0,0.0,0.0,0.0,0.0,0.0,0.0,0.0,74.39
1.0,0.0,0.0,0.0,0.0,0.0,0.0,0.0,74.49
1.0,0.0,0.0,0.0,0.0,0.0,0.0,0.0,74.59
1.0,0.0,0.0,0.0,0.0,0.0,0.0,0.0,74.7
1.0,0.0,0.0,0.0,0.0,0.0,0.0,0.0,74.79
1.0,0.0,0.0,0.0,0.0,0.0,0.0,0.0,74.89
1.0,0.0,0.0,0.0,0.0,0.0,0.0,0.0,74.99
1.0,0.0,0.0,0.0,0.0,0.0,0.0,0.0,75.09
1.0,0.0,0.0,0.0,0.0,0.0,0.0,0.0,75.18
1.0,0.0,0.0,0.0,0.0,0.0,0.0,0.0,75.29
1.0,0.0,0.0,0.0,0.0,0.0,0.0,0.0,75.39
1.0,0.0,0.0,0.0,0.0,0.0,0.0,0.0,75.5
1.0,0.0,0.0,0.0,0.0,0.0,0.0,0.0,75.6
1.0,0.0,0.0,0.0,0.0,0.0,0.0,0.0,75.7
1.0,0.0,0.0,0.0,0.0,0.0,0.0,0.0,75.8
1.0,0.0,0.0,0.0,0.0,0.0,0.0,0.0,75.9
1.0,0.0,0.0,0.0,0.0,0.0,0.0,0.0,75.99
1.0,0.0,0.0,0.0,0.0,0.0,0.0,0.0,76.09
1.0,0.0,0.0,0.0,0.0,0.0,0.0,0.0,76.19
1.0,0.0,0.0,0.0,0.0,0.0,0.0,0.0,76.29
1.0,0.0,0.0,0.0,0.0,0.0,0.0,0.0,76.39
1.0,0.0,0.0,0.0,0.0,0.0,0.0,0.0,76.48
1.0,0.0,0.0,0.0,0.0,0.0,0.0,0.0,76.58
1.0,0.0,0.0,0.0,0.0,0.0,0.0,0.0,76.68
1.0,0.0,0.0,0.0,0.0,0.0,0.0,0.0,76.77
1.0,0.0,0.0,0.0,0.0,0.0,0.0,0.0,76.87
1.0,0.0,0.0,0.0,0.0,0.0,0.0,0.0,76.97
1.0,0.0,0.0,0.0,0.0,0.0,0.0,0.0,77.06
1.0,0.0,0.0,0.0,0.0,0.0,0.0,0.0,77.17
1.0,0.0,0.0,0.0,0.0,0.0,0.0,0.0,77.26
1.0,0.0,0.0,0.0,0.0,0.0,0.0,0.0,77.36
1.0,0.0,0.0,0.0,0.0,0.0,0.0,0.0,77.45
1.0,0.0,0.0,0.0,0.0,0.0,0.0,0.0,77.55
1.0,0.0,0.0,0.0,0.0,0.0,0.0,0.0,77.68
1.0,0.0,0.0,0.0,0.0,0.0,0.0,0.0,77.77
1.0,0.0,0.0,0.0,0.0,0.0,0.0,0.0,77.87
1.0,0.0,0.0,0.0,0.0,0.0,0.0,0.0,77.97
1.0,0.0,0.0,0.0,0.0,0.0,0.0,0.0,78.06
1.0,0.0,0.0,0.0,0.0,0.0,0.0,0.0,78.15
1.0,0.0,0.0,0.0,0.0,0.0,0.0,0.0,78.26
1.0,0.0,0.0,0.0,0.0,0.0,0.0,0.0,78.36
1.0,0.0,0.0,0.0,0.0,0.0,0.0,0.0,78.45
1.0,0.0,0.0,0.0,0.0,0.0,0.0,0.0,78.55
1.0,0.0,0.0,0.0,0.0,0.0,0.0,0.0,78.65
1.0,0.0,0.0,0.0,0.0,0.0,0.0,0.0,78.75
1.0,0.0,0.0,0.0,0.0,0.0,0.0,0.0,78.84
1.0,0.0,0.0,0.0,0.0,0.0,0.0,0.0,78.94
1.0,0.0,0.0,0.0,0.0,0.0,0.0,0.0,79.04
1.0,0.0,0.0,0.0,0.0,0.0,0.0,0.0,79.14
1.0,0.0,0.0,0.0,0.0,0.0,0.0,0.0,79.24
1.0,0.0,0.0,0.0,0.0,0.0,0.0,0.0,79.33
1.0,0.0,0.0,0.0,0.0,0.0,0.0,0.0,79.43
1.0,0.0,0.0,0.0,0.0,0.0,0.0,0.0,79.53
1.0,0.0,0.0,0.0,0.0,0.0,0.0,0.0,79.63
1.0,0.0,0.0,0.0,0.0,0.0,0.0,0.0,79.74
1.0,0.0,0.0,0.0,0.0,0.0,0.0,0.0,79.84
1.0,0.0,0.0,0.0,0.0,0.0,0.0,0.0,79.94
1.0,0.0,0.0,0.0,0.0,0.0,0.0,0.0,80.04
1.0,0.0,0.0,0.0,0.0,0.0,0.0,0.0,80.14
1.0,0.0,0.0,0.0,0.0,0.0,0.0,0.0,80.23
1.0,0.0,0.0,0.0,0.0,0.0,0.0,0.0,80.33
1.0,0.0,0.0,0.0,0.0,0.0,0.0,0.0,80.42
1.0,0.0,0.0,0.0,0.0,0.0,0.0,0.0,80.52
1.0,0.0,0.0,0.0,0.0,0.0,0.0,0.0,80.63
1.0,0.0,0.0,0.0,0.0,0.0,0.0,0.0,80.73
1.0,0.0,0.0,0.0,0.0,0.0,0.0,0.0,80.83
1.0,0.0,0.0,0.0,0.0,0.0,0.0,0.0,80.92
1.0,0.0,0.0,0.0,0.0,0.0,0.0,0.0,81.02
1.0,0.0,0.0,0.0,0.0,0.0,0.0,0.0,81.13
1.0,0.0,0.0,0.0,0.0,0.0,0.0,0.0,81.23
1.0,0.0,0.0,0.0,0.0,0.0,0.0,0.0,81.33
1.0,0.0,0.0,0.0,0.0,0.0,0.0,0.0,81.43
1.0,0.0,0.0,0.0,0.0,0.0,0.0,0.0,81.52
1.0,0.0,0.0,0.0,0.0,0.0,0.0,0.0,81.62
1.0,0.0,0.0,0.0,0.0,0.0,0.0,0.0,81.72
1.0,0.0,0.0,0.0,0.0,0.0,0.0,0.0,81.82
1.0,0.0,0.0,0.0,0.0,0.0,0.0,0.0,81.92
1.0,0.0,0.0,0.0,0.0,0.0,0.0,0.0,82.03
1.0,0.0,0.0,0.0,0.0,0.0,0.0,0.0,82.13
1.0,0.0,0.0,0.0,0.0,0.0,0.0,0.0,82.23
1.0,0.0,0.0,0.0,0.0,0.0,0.0,0.0,82.34
1.0,0.0,0.0,0.0,0.0,0.0,0.0,0.0,82.44
1.0,0.0,0.0,0.0,0.0,0.0,0.0,0.0,82.53
1.0,0.0,0.0,0.0,0.0,0.0,0.0,0.0,82.63
1.0,0.0,0.0,0.0,0.0,0.0,0.0,0.0,82.74
1.0,0.0,0.0,0.0,0.0,0.0,0.0,0.0,82.84
1.0,0.0,0.0,0.0,0.0,0.0,0.0,0.0,82.93
1.0,0.0,0.0,0.0,0.0,0.0,0.0,0.0,83.03
1.0,0.0,0.0,0.0,0.0,0.0,0.0,0.0,83.13
1.0,0.0,0.0,0.0,0.0,0.0,0.0,0.0,83.22
1.0,0.0,0.0,0.0,0.0,0.0,0.0,0.0,83.32
1.0,0.0,0.0,0.0,0.0,0.0,0.0,0.0,83.44
1.0,0.0,0.0,0.0,0.0,0.0,0.0,0.0,83.53
1.0,0.0,0.0,0.0,0.0,0.0,0.0,0.0,83.63
1.0,0.0,0.0,0.0,0.0,0.0,0.0,0.0,83.73
1.0,0.0,0.0,0.0,0.0,0.0,0.0,0.0,83.83
1.0,0.0,0.0,0.0,0.0,0.0,0.0,0.0,83.93
1.0,0.0,0.0,0.0,0.0,0.0,0.0,0.0,84.02
1.0,0.0,0.0,0.0,0.0,0.0,0.0,0.0,84.12
1.0,0.0,0.0,0.0,0.0,0.0,0.0,0.0,84.22
1.0,0.0,0.0,0.0,0.0,0.0,0.0,0.0,84.32
1.0,0.0,0.0,0.0,0.0,0.0,0.0,0.0,84.42
1.0,0.0,0.0,0.0,0.0,0.0,0.0,0.0,84.52
1.0,0.0,0.0,0.0,0.0,0.0,0.0,0.0,84.62
1.0,0.0,0.0,0.0,0.0,0.0,0.0,0.0,84.72
1.0,0.0,0.0,0.0,0.0,0.0,0.0,0.0,84.81
1.0,0.0,0.0,0.0,0.0,0.0,0.0,0.0,84.91
1.0,0.0,0.0,0.0,0.0,0.0,0.0,0.0,85.01
1.0,0.0,0.0,0.0,0.0,0.0,0.0,0.0,85.1
1.0,0.0,0.0,0.0,0.0,0.0,0.0,0.0,85.19
1.0,0.0,0.0,0.0,0.0,0.0,0.0,0.0,85.29
1.0,0.0,0.0,0.0,0.0,0.0,0.0,0.0,85.39
1.0,0.0,0.0,0.0,0.0,0.0,0.0,0.0,85.49
1.0,0.0,0.0,0.0,0.0,0.0,0.0,0.0,85.59
1.0,0.0,0.0,0.0,0.0,0.0,0.0,0.0,85.69
1.0,0.0,0.0,0.0,0.0,0.0,0.0,0.0,85.8
1.0,0.0,0.0,0.0,0.0,0.0,0.0,0.0,85.93
1.0,0.0,0.0,0.0,0.0,0.0,0.0,0.0,86.04
1.0,0.0,0.0,0.0,0.0,0.0,0.0,0.0,86.14
1.0,0.0,0.0,0.0,0.0,0.0,0.0,0.0,86.23
1.0,0.0,0.0,0.0,0.0,0.0,0.0,0.0,86.33
1.0,0.0,0.0,0.0,0.0,0.0,0.0,0.0,86.43
1.0,0.0,0.0,0.0,0.0,0.0,0.0,0.0,86.53
1.0,0.0,0.0,0.0,0.0,0.0,0.0,0.0,86.62
1.0,0.0,0.0,0.0,0.0,0.0,0.0,0.0,86.73
1.0,0.0,0.0,0.0,0.0,0.0,0.0,0.0,86.82
1.0,0.0,0.0,0.0,0.0,0.0,0.0,0.0,86.92
1.0,0.0,0.0,0.0,0.0,0.0,0.0,0.0,87.01
1.0,0.0,0.0,0.0,0.0,0.0,0.0,0.0,87.11
1.0,0.0,0.0,0.0,0.0,0.0,0.0,0.0,87.21
1.0,0.0,0.0,0.0,0.0,0.0,0.0,0.0,87.31
1.0,0.0,0.0,0.0,0.0,0.0,0.0,0.0,87.41
1.0,0.0,0.0,0.0,0.0,0.0,0.0,0.0,87.53
1.0,0.0,0.0,0.0,0.0,0.0,0.0,0.0,87.64
1.0,0.0,0.0,0.0,0.0,0.0,0.0,0.0,87.73
1.0,0.0,0.0,0.0,0.0,0.0,0.0,0.0,87.83
1.0,0.0,0.0,0.0,0.0,0.0,0.0,0.0,87.92
1.0,0.0,0.0,0.0,0.0,0.0,0.0,0.0,88.02
1.0,0.0,0.0,0.0,0.0,0.0,0.0,0.0,88.14
1.0,0.0,0.0,0.0,0.0,0.0,0.0,0.0,88.24
1.0,0.0,0.0,0.0,0.0,0.0,0.0,0.0,88.33
1.0,0.0,0.0,0.0,0.0,0.0,0.0,0.0,88.43
1.0,0.0,0.0,0.0,0.0,0.0,0.0,0.0,88.53
1.0,0.0,0.0,0.0,0.0,0.0,0.0,0.0,88.63
1.0,0.0,0.0,0.0,0.0,0.0,0.0,0.0,88.73
1.0,0.0,0.0,0.0,0.0,0.0,0.0,0.0,88.83
1.0,0.0,0.0,0.0,0.0,0.0,0.0,0.0,88.92
1.0,0.0,0.0,0.0,0.0,0.0,0.0,0.0,89.02
1.0,0.0,0.0,0.0,0.0,0.0,0.0,0.0,89.12
1.0,0.0,0.0,0.0,0.0,0.0,0.0,0.0,89.22
1.0,0.0,0.0,0.0,0.0,0.0,0.0,0.0,89.31
1.0,0.0,0.0,0.0,0.0,0.0,0.0,0.0,89.42
1.0,0.0,0.0,0.0,0.0,0.0,0.0,0.0,89.52
1.0,0.0,0.0,0.0,0.0,0.0,0.0,0.0,89.61
1.0,0.0,0.0,0.0,0.0,0.0,0.0,0.0,89.74
1.0,0.0,0.0,0.0,0.0,0.0,0.0,0.0,89.84
1.0,0.0,0.0,0.0,0.0,0.0,0.0,0.0,89.95
1.0,0.0,0.0,0.0,0.0,0.0,0.0,0.0,90.05
1.0,0.0,0.0,0.0,0.0,0.0,0.0,0.0,90.15
1.0,0.0,0.0,0.0,0.0,0.0,0.0,0.0,90.25
1.0,0.0,0.0,0.0,0.0,0.0,0.0,0.0,90.37
1.0,0.0,0.0,0.0,0.0,0.0,0.0,0.0,90.47
1.0,0.0,0.0,0.0,0.0,0.0,0.0,0.0,90.57
1.0,0.0,0.0,0.0,0.0,0.0,0.0,0.0,90.68
1.0,0.0,0.0,0.0,0.0,0.0,0.0,0.0,90.78
1.0,0.0,0.0,0.0,0.0,0.0,0.0,0.0,90.87
1.0,0.0,0.0,0.0,0.0,0.0,0.0,0.0,90.97
1.0,0.0,0.0,0.0,0.0,0.0,0.0,0.0,91.08
1.0,0.0,0.0,0.0,0.0,0.0,0.0,0.0,91.18
1.0,0.0,0.0,0.0,0.0,0.0,0.0,0.0,91.28
1.0,0.0,0.0,0.0,0.0,0.0,0.0,0.0,91.37
1.0,0.0,0.0,0.0,0.0,0.0,0.0,0.0,91.48
1.0,0.0,0.0,0.0,0.0,0.0,0.0,0.0,91.57
1.0,0.0,0.0,0.0,0.0,0.0,0.0,0.0,91.67
1.0,0.0,0.0,0.0,0.0,0.0,0.0,0.0,91.77
1.0,0.0,0.0,0.0,0.0,0.0,0.0,0.0,91.87
1.0,0.0,0.0,0.0,0.0,0.0,0.0,0.0,91.97
1.0,0.0,0.0,0.0,0.0,0.0,0.0,0.0,92.07
1.0,0.0,0.0,0.0,0.0,0.0,0.0,0.0,92.17
1.0,0.0,0.0,0.0,0.0,0.0,0.0,0.0,92.27
1.0,0.0,0.0,0.0,0.0,0.0,0.0,0.0,92.37
1.0,0.0,0.0,0.0,0.0,0.0,0.0,0.0,92.47
1.0,0.0,0.0,0.0,0.0,0.0,0.0,0.0,92.57
1.0,0.0,0.0,0.0,0.0,0.0,0.0,0.0,92.66
1.0,0.0,0.0,0.0,0.0,0.0,0.0,0.0,92.76
1.0,0.0,0.0,0.0,0.0,0.0,0.0,0.0,92.87
1.0,0.0,0.0,0.0,0.0,0.0,0.0,0.0,92.97
1.0,0.0,0.0,0.0,0.0,0.0,0.0,0.0,93.06
1.0,0.0,0.0,0.0,0.0,0.0,0.0,0.0,93.16
1.0,0.0,0.0,0.0,0.0,0.0,0.0,0.0,93.26
1.0,0.0,0.0,0.0,0.0,0.0,0.0,0.0,93.36
1.0,0.0,0.0,0.0,0.0,0.0,0.0,0.0,93.46
1.0,0.0,0.0,0.0,0.0,0.0,0.0,0.0,93.56
1.0,0.0,0.0,0.0,0.0,0.0,0.0,0.0,93.67
1.0,0.0,0.0,0.0,0.0,0.0,0.0,0.0,93.76
1.0,0.0,0.0,0.0,0.0,0.0,0.0,0.0,93.86
1.0,0.0,0.0,0.0,0.0,0.0,0.0,0.0,93.96
1.0,0.0,0.0,0.0,0.0,0.0,0.0,0.0,94.05
1.0,0.0,0.0,0.0,0.0,0.0,0.0,0.0,94.15
1.0,0.0,0.0,0.0,0.0,0.0,0.0,0.0,94.24
1.0,0.0,0.0,0.0,0.0,0.0,0.0,0.0,94.33
1.0,0.0,0.0,0.0,0.0,0.0,0.0,0.0,94.43
1.0,0.0,0.0,0.0,0.0,0.0,0.0,0.0,94.54
1.0,0.0,0.0,0.0,0.0,0.0,0.0,0.0,94.63
1.0,0.0,0.0,0.0,0.0,0.0,0.0,0.0,94.73
1.0,0.0,0.0,0.0,0.0,0.0,0.0,0.0,94.83
1.0,0.0,0.0,0.0,0.0,0.0,0.0,0.0,94.94
1.0,0.0,0.0,0.0,0.0,0.0,0.0,0.0,95.05
1.0,0.0,0.0,0.0,0.0,0.0,0.0,0.0,95.14
1.0,0.0,0.0,0.0,0.0,0.0,0.0,0.0,95.24
1.0,0.0,0.0,0.0,0.0,0.0,0.0,0.0,95.34
1.0,0.0,0.0,0.0,0.0,0.0,0.0,0.0,95.45
1.0,0.0,0.0,0.0,0.0,0.0,0.0,0.0,95.55
1.0,0.0,0.0,0.0,0.0,0.0,0.0,0.0,95.65
1.0,0.0,0.0,0.0,0.0,0.0,0.0,0.0,95.75
1.0,0.0,0.0,0.0,0.0,0.0,0.0,0.0,95.85
1.0,0.0,0.0,0.0,0.0,0.0,0.0,0.0,95.95
1.0,0.0,0.0,0.0,0.0,0.0,0.0,0.0,96.09
1.0,0.0,0.0,0.0,0.0,0.0,0.0,0.0,96.19
1.0,0.0,0.0,0.0,0.0,0.0,0.0,0.0,96.28
1.0,0.0,0.0,0.0,0.0,0.0,0.0,0.0,96.38
1.0,0.0,0.0,0.0,0.0,0.0,0.0,0.0,96.48
1.0,0.0,0.0,0.0,0.0,0.0,0.0,0.0,96.58
1.0,0.0,0.0,0.0,0.0,0.0,0.0,0.0,96.67
1.0,0.0,0.0,0.0,0.0,0.0,0.0,0.0,96.77
1.0,0.0,0.0,0.0,0.0,0.0,0.0,0.0,96.87
1.0,0.0,0.0,0.0,0.0,0.0,0.0,0.0,96.97
1.0,0.0,0.0,0.0,0.0,0.0,0.0,0.0,97.07
1.0,0.0,0.0,0.0,0.0,0.0,0.0,0.0,97.18
1.0,0.0,0.0,0.0,0.0,0.0,0.0,0.0,97.27
1.0,0.0,0.0,0.0,0.0,0.0,0.0,0.0,97.37
1.0,0.0,0.0,0.0,0.0,0.0,0.0,0.0,97.47
1.0,0.0,0.0,0.0,0.0,0.0,0.0,0.0,97.56
1.0,0.0,0.0,0.0,0.0,0.0,0.0,0.0,97.66
1.0,0.0,0.0,0.0,0.0,0.0,0.0,0.0,97.76
1.0,0.0,0.0,0.0,0.0,0.0,0.0,0.0,97.85
1.0,0.0,0.0,0.0,0.0,0.0,0.0,0.0,97.94
1.0,0.0,0.0,0.0,0.0,0.0,0.0,0.0,98.05
1.0,0.0,0.0,0.0,0.0,0.0,0.0,0.0,98.15
1.0,0.0,0.0,0.0,0.0,0.0,0.0,0.0,98.24
1.0,0.0,0.0,0.0,0.0,0.0,0.0,0.0,98.35
1.0,0.0,0.0,0.0,0.0,0.0,0.0,0.0,98.44
1.0,0.0,0.0,0.0,0.0,0.0,0.0,0.0,98.54
1.0,0.0,0.0,0.0,0.0,0.0,0.0,0.0,98.64
1.0,0.0,0.0,0.0,0.0,0.0,0.0,0.0,98.74
1.0,0.0,0.0,0.0,0.0,0.0,0.0,0.0,98.84
1.0,0.0,0.0,0.0,0.0,0.0,0.0,0.0,98.93
1.0,0.0,0.0,0.0,0.0,0.0,0.0,0.0,99.05
1.0,0.0,0.0,0.0,0.0,0.0,0.0,0.0,99.15
1.0,0.0,0.0,0.0,0.0,0.0,0.0,0.0,99.26
1.0,0.0,0.0,0.0,0.0,0.0,0.0,0.0,99.35
1.0,0.0,0.0,0.0,0.0,0.0,0.0,0.0,99.45
1.0,0.0,0.0,0.0,0.0,0.0,0.0,0.0,99.55
1.0,0.0,0.0,0.0,0.0,0.0,0.0,0.0,99.64
1.0,0.0,0.0,0.0,0.0,0.0,0.0,0.0,99.74
