0.0,0.0,0.0,0.0,0.0,0.0,0.0,0.0,0.18
0.0,0.0,0.0,0.0,0.0,0.0,0.0,0.0,0.21
0.0,0.0,0.0,0.0,0.0,0.0,0.0,0.0,0.24
0.0,0.0,0.0,0.0,0.0,0.0,0.0,0.0,0.27
0.0,0.0,0.0,0.0,0.0,0.0,0.0,0.0,0.31
0.0,0.0,0.0,0.0,0.0,0.0,0.0,0.0,0.34
0.0,0.0,0.0,0.0,0.0,0.0,0.0,0.0,0.36
0.0,0.0,0.0,0.0,0.0,0.0,0.0,0.0,0.4
0.0,0.0,0.0,0.0,0.0,0.0,0.0,0.0,0.43
0.0,0.0,0.0,0.0,0.0,0.0,0.0,0.0,0.46
0.0,0.0,0.0,0.0,0.0,0.0,0.0,0.0,0.5
0.0,0.0,0.0,0.0,0.0,0.0,0.0,0.0,0.53
0.0,0.0,0.0,0.0,0.0,0.0,0.0,0.0,0.57
0.0,0.0,0.0,0.0,0.0,0.0,0.0,0.0,0.59
0.0,0.0,0.0,0.0,0.0,0.0,0.0,0.0,0.62
0.0,0.0,0.0,0.0,0.0,0.0,0.0,0.0,0.65
0.0,0.0,0.0,0.0,0.0,0.0,0.0,0.0,0.68
0.0,0.0,0.0,0.0,0.0,0.0,0.0,0.0,0.72
0.0,0.0,0.0,0.0,0.0,0.0,0.0,0.0,0.75
0.0,0.0,0.0,0.0,0.0,0.0,0.0,0.0,0.79
0.0,0.0,0.0,0.0,0.0,0.0,0.0,0.0,0.82
0.0,0.0,0.0,0.0,0.0,0.0,0.0,0.0,0.86
0.0,0.0,0.0,0.0,0.0,0.0,0.0,0.0,0.9
0.0,0.0,0.0,0.0,0.0,0.0,0.0,0.0,0.94
0.0,0.0,0.0,0.0,0.0,0.0,0.0,0.0,0.96
0.0,0.0,0.0,0.0,0.0,0.0,0.0,0.0,1.0
0.0,0.0,0.0,0.0,0.0,0.0,0.0,0.0,1.04
0.0,0.0,0.0,0.0,0.0,0.0,0.0,0.0,1.06
0.0,0.0,0.0,0.0,0.0,0.0,0.0,0.0,1.1
0.0,0.0,0.0,0.0,0.0,0.0,0.0,0.0,1.12
0.0,0.0,0.0,0.0,0.0,0.0,0.0,0.0,1.16
0.0,0.0,0.0,0.0,0.0,0.0,0.0,0.0,1.2
0.0,0.0,0.0,0.0,0.0,0.0,0.0,0.0,1.23
0.0,0.0,0.0,0.0,0.0,0.0,0.0,0.0,1.25
0.0,0.0,0.0,0.0,0.0,0.0,0.0,0.0,1.28
0.0,0.0,0.0,0.0,0.0,0.0,0.0,0.0,1.32
0.0,0.0,0.0,0.0,0.0,0.0,0.0,0.0,1.34
0.0,0.0,0.0,0.0,0.0,0.0,0.0,0.0,1.38
0.0,0.0,0.0,0.0,0.0,0.0,0.0,0.0,1.41
0.0,0.0,0.0,0.0,0.0,0.0,0.0,0.0,1.47
0.0,0.0,0.0,0.0,0.0,0.0,0.0,0.0,1.5
0.0,0.0,0.0,0.0,0.0,0.0,0.0,0.0,1.53
0.0,0.0,0.0,0.0,0.0,0.0,0.0,0.0,1.55
0.0,0.0,0.0,0.0,0.0,0.0,0.0,0.0,1.57
0.0,0.0,0.0,0.0,0.0,0.0,0.0,0.0,1.61
0.0,0.0,0.0,0.0,0.0,0.0,0.0,0.0,1.63
0.0,0.0,0.0,0.0,0.0,0.0,0.0,0.0,1.65
0.0,0.0,0.0,0.0,0.0,0.0,0.0,0.0,1.69
0.0,0.0,0.0,0.0,0.0,0.0,0.0,0.0,1.71
0.0,0.0,0.0,0.0,0.0,0.0,0.0,0.0,1.74
0.0,0.0,0.0,0.0,0.0,0.0,0.0,0.0,1.78
0.0,0.0,0.0,0.0,0.0,0.0,0.0,0.0,1.82
0.0,0.0,0.0,0.0,0.0,0.0,0.0,0.0,1.87
0.0,0.0,0.0,0.0,0.0,0.0,0.0,0.0,1.9
0.0,0.0,0.0,0.0,0.0,0.0,0.0,0.0,1.92
0.0,0.0,0.0,0.0,0.0,0.0,0.0,0.0,1.96
0.0,0.0,0.0,0.0,0.0,0.0,0.0,0.0,1.99
0.0,0.0,0.0,0.0,0.0,0.0,0.0,0.0,2.01
0.0,0.0,0.0,0.0,0.0,0.0,0.0,0.0,2.05
0.0,0.0,0.0,0.0,0.0,0.0,0.0,0.0,2.07
0.0,0.0,0.0,0.0,0.0,0.0,0.0,0.0,2.11
0.0,0.0,0.0,0.0,0.0,0.0,0.0,0.0,2.14
0.0,0.0,0.0,0.0,0.0,0.0,0.0,0.0,2.17
0.0,0.0,0.0,0.0,0.0,0.0,0.0,0.0,2.19
0.0,0.0,0.0,0.0,0.0,0.0,0.0,0.0,2.23
0.0,0.0,0.0,0.0,0.0,0.0,0.0,0.0,2.26
0.0,0.0,0.0,0.0,0.0,0.0,0.0,0.0,2.29
0.0,0.0,0.0,0.0,0.0,0.0,0.0,0.0,2.32
0.0,0.0,0.0,0.0,0.0,0.0,0.0,0.0,2.36
0.0,0.0,0.0,0.0,0.0,0.0,0.0,0.0,2.38
0.0,0.0,0.0,0.0,0.0,0.0,0.0,0.0,2.4
0.0,0.0,0.0,0.0,0.0,0.0,0.0,0.0,2.43
0.0,0.0,0.0,0.0,0.0,0.0,0.0,0.0,2.45
0.0,0.0,0.0,0.0,0.0,0.0,0.0,0.0,2.47
0.0,0.0,0.0,0.0,0.0,0.0,0.0,0.0,2.49
0.0,0.0,0.0,0.0,0.0,0.0,0.0,0.0,2.53
0.0,0.0,0.0,0.0,0.0,0.0,0.0,0.0,2.55
0.0,0.0,0.0,0.0,0.0,0.0,0.0,0.0,2.58
0.0,0.0,0.0,0.0,0.0,0.0,0.0,0.0,2.61
0.0,0.0,0.0,0.0,0.0,0.0,0.0,0.0,2.63
0.0,0.0,0.0,0.0,0.0,0.0,0.0,0.0,2.65
0.0,0.0,0.0,0.0,0.0,0.0,0.0,0.0,2.69
0.0,0.0,0.0,0.0,0.0,0.0,0.0,0.0,2.71
0.0,0.0,0.0,0.0,0.0,0.0,0.0,0.0,2.75
0.0,0.0,0.0,0.0,0.0,0.0,0.0,0.0,2.78
0.0,0.0,0.0,0.0,0.0,0.0,0.0,0.0,2.8
0.0,0.0,0.0,0.0,0.0,0.0,0.0,0.0,2.83
0.0,0.0,0.0,0.0,0.0,0.0,0.0,0.0,2.87
0.0,0.0,0.0,0.0,0.0,0.0,0.0,0.0,2.9
0.0,0.0,0.0,0.0,0.0,0.0,0.0,0.0,2.93
0.0,0.0,0.0,0.0,0.0,0.0,0.0,0.0,2.96
0.0,0.0,0.0,0.0,0.0,0.0,0.0,0.0,2.98
0.0,0.0,0.0,0.0,0.0,0.0,0.0,0.0,3.01
0.0,0.0,0.0,0.0,0.0,0.0,0.0,0.0,3.05
0.0,0.0,0.0,0.0,0.0,0.0,0.0,0.0,3.07
0.0,0.0,0.0,0.0,0.0,0.0,0.0,0.0,3.11
0.0,0.0,0.0,0.0,0.0,0.0,0.0,0.0,3.16
0.0,0.0,0.0,0.0,0.0,0.0,0.0,0.0,3.18
0.0,0.0,0.0,0.0,0.0,0.0,0.0,0.0,3.21
0.0,0.0,0.0,0.0,0.0,0.0,0.0,0.0,3.25
0.0,0.0,0.0,0.0,0.0,0.0,0.0,0.0,3.27
0.0,0.0,0.0,0.0,0.0,0.0,0.0,0.0,3.31
0.0,0.0,0.0,0.0,0.0,0.0,0.0,0.0,3.35
0.0,0.0,0.0,0.0,0.0,0.0,0.0,0.0,3.38
0.0,0.0,0.0,0.0,0.0,0.0,0.0,0.0,3.41
0.0,0.0,0.0,0.0,0.0,0.0,0.0,0.0,3.44
0.0,0.0,0.0,0.0,0.0,0.0,0.0,0.0,3.48
0.0,0.0,0.0,0.0,0.0,0.0,0.0,0.0,3.5
0.0,0.0,0.0,0.0,0.0,0.0,0.0,0.0,3.53
0.0,0.0,0.0,0.0,0.0,0.0,0.0,0.0,3.55
0.0,0.0,0.0,0.0,0.0,0.0,0.0,0.0,3.58
0.0,0.0,0.0,0.0,0.0,0.0,0.0,0.0,3.61
0.0,0.0,0.0,0.0,0.0,0.0,0.0,0.0,3.64
0.0,0.0,0.0,0.0,0.0,0.0,0.0,0.0,3.67
0.0,0.0,0.0,0.0,0.0,0.0,0.0,0.0,3.7
0.0,0.0,0.0,0.0,0.0,0.0,0.0,0.0,3.72
0.0,0.0,0.0,0.0,0.0,0.0,0.0,0.0,3.75
0.0,0.0,0.0,0.0,0.0,0.0,0.0,0.0,3.79
0.0,0.0,0.0,0.0,0.0,0.0,0.0,0.0,3.82
0.0,0.0,0.0,0.0,0.0,0.0,0.0,0.0,3.85
0.0,0.0,0.0,0.0,0.0,0.0,0.0,0.0,3.88
0.0,0.0,0.0,0.0,0.0,0.0,0.0,0.0,3.91
0.0,0.0,0.0,0.0,0.0,0.0,0.0,0.0,3.94
0.0,0.0,0.0,0.0,0.0,0.0,0.0,0.0,3.96
0.0,0.0,0.0,0.0,0.0,0.0,0.0,0.0,4.01
0.0,0.0,0.0,0.0,0.0,0.0,0.0,0.0,4.05
0.0,0.0,0.0,0.0,0.0,0.0,0.0,0.0,4.07
0.0,0.0,0.0,0.0,0.0,0.0,0.0,0.0,4.1
0.0,0.0,0.0,0.0,0.0,0.0,0.0,0.0,4.13
0.0,0.0,0.0,0.0,0.0,0.0,0.0,0.0,4.16
0.0,0.0,0.0,0.0,0.0,0.0,0.0,0.0,4.19
0.0,0.0,0.0,0.0,0.0,0.0,0.0,0.0,4.23
0.0,0.0,0.0,0.0,0.0,0.0,0.0,0.0,4.25
0.0,0.0,0.0,0.0,0.0,0.0,0.0,0.0,4.29
0.0,0.0,0.0,0.0,0.0,0.0,0.0,0.0,4.33
0.0,0.0,0.0,0.0,0.0,0.0,0.0,0.0,4.37
0.0,0.0,0.0,0.0,0.0,0.0,0.0,0.0,4.4
0.0,0.0,0.0,0.0,0.0,0.0,0.0,0.0,4.44
0.0,0.0,0.0,0.0,0.0,0.0,0.0,0.0,4.47
0.0,0.0,0.0,0.0,0.0,0.0,0.0,0.0,4.51
0.0,0.0,0.0,0.0,0.0,0.0,0.0,0.0,4.57
0.0,0.0,0.0,0.0,0.0,0.0,0.0,0.0,4.6
0.0,0.0,0.0,0.0,0.0,0.0,0.0,0.0,4.64
0.0,0.0,0.0,0.0,0.0,0.0,0.0,0.0,4.66
0.0,0.0,0.0,0.0,0.0,0.0,0.0,0.0,4.69
0.0,0.0,0.0,0.0,0.0,0.0,0.0,0.0,4.72
0.0,1.0,0.0,0.0,0.0,0.0,0.0,0.0,4.76
0.0,1.0,0.0,0.0,0.0,0.0,0.0,0.0,4.8
0.0,1.0,0.0,0.0,0.0,0.0,0.0,0.0,4.83
0.0,1.0,0.0,0.0,0.0,0.0,0.0,0.0,4.86
0.0,1.0,0.0,0.0,0.0,0.0,0.0,0.0,4.9
0.0,1.0,0.0,0.0,0.0,0.0,0.0,0.0,4.94
0.0,1.0,0.0,0.0,0.0,0.0,0.0,0.0,4.96
0.0,1.0,0.0,0.0,0.0,0.0,0.0,0.0,5.01
0.0,1.0,0.0,0.0,0.0,0.0,0.0,0.0,5.04
0.0,1.0,0.0,0.0,0.0,0.0,0.0,0.0,5.09
0.0,1.0,0.0,0.0,0.0,0.0,0.0,0.0,5.12
0.0,1.0,0.0,0.0,0.0,0.0,0.0,0.0,5.16
0.0,1.0,0.0,0.0,0.0,0.0,0.0,0.0,5.2
0.0,1.0,0.0,0.0,0.0,0.0,0.0,0.0,5.22
0.0,1.0,0.0,0.0,0.0,0.0,0.0,0.0,5.25
0.0,1.0,0.0,0.0,0.0,0.0,0.0,0.0,5.28
0.0,1.0,0.0,0.0,0.0,0.0,0.0,0.0,5.3
0.0,1.0,0.0,0.0,0.0,0.0,0.0,0.0,5.33
0.0,1.0,0.0,0.0,0.0,0.0,0.0,0.0,5.36
0.0,1.0,0.0,0.0,0.0,0.0,0.0,0.0,5.38
0.0,1.0,0.0,0.0,0.0,0.0,0.0,0.0,5.42
0.0,1.0,0.0,0.0,0.0,0.0,0.0,0.0,5.45
0.0,1.0,0.0,0.0,0.0,0.0,0.0,0.0,5.48
0.0,1.0,0.0,0.0,0.0,0.0,0.0,0.0,5.51
0.0,1.0,0.0,0.0,0.0,0.0,0.0,0.0,5.54
0.0,1.0,0.0,0.0,0.0,0.0,0.0,0.0,5.57
0.0,1.0,0.0,0.0,0.0,0.0,0.0,0.0,5.6
0.0,1.0,0.0,0.0,0.0,0.0,0.0,0.0,5.62
0.0,1.0,0.0,0.0,0.0,0.0,0.0,0.0,5.65
0.0,1.0,0.0,0.0,0.0,0.0,0.0,0.0,5.68
0.0,1.0,0.0,0.0,0.0,0.0,0.0,0.0,5.71
0.0,1.0,0.0,0.0,0.0,0.0,0.0,0.0,5.74
0.0,1.0,0.0,0.0,0.0,0.0,0.0,0.0,5.77
0.0,1.0,0.0,0.0,0.0,0.0,0.0,0.0,5.8
0.0,1.0,0.0,0.0,0.0,0.0,0.0,0.0,5.82
0.0,1.0,0.0,0.0,0.0,0.0,0.0,0.0,5.87
0.0,1.0,0.0,0.0,0.0,0.0,0.0,0.0,5.89
0.0,1.0,0.0,0.0,0.0,0.0,0.0,0.0,5.92
0.0,1.0,0.0,0.0,0.0,0.0,0.0,0.0,5.95
0.0,1.0,0.0,0.0,0.0,0.0,0.0,0.0,5.98
0.0,1.0,0.0,0.0,0.0,0.0,0.0,0.0,6.01
0.0,1.0,0.0,0.0,0.0,0.0,0.0,0.0,6.05
0.0,1.0,0.0,0.0,0.0,0.0,0.0,0.0,6.08
0.0,1.0,0.0,0.0,0.0,0.0,0.0,0.0,6.12
0.0,1.0,0.0,0.0,0.0,0.0,0.0,0.0,6.15
0.0,1.0,0.0,0.0,0.0,0.0,0.0,0.0,6.19
0.0,1.0,0.0,0.0,0.0,0.0,0.0,0.0,6.21
0.0,1.0,0.0,0.0,0.0,0.0,0.0,0.0,6.24
0.0,1.0,0.0,0.0,0.0,0.0,0.0,0.0,6.28
0.0,1.0,0.0,0.0,0.0,0.0,0.0,0.0,6.31
0.0,1.0,0.0,0.0,0.0,0.0,0.0,0.0,6.34
0.0,1.0,0.0,0.0,0.0,0.0,0.0,0.0,6.36
0.0,1.0,0.0,0.0,0.0,0.0,0.0,0.0,6.39
0.0,1.0,0.0,0.0,0.0,0.0,0.0,0.0,6.42
0.0,1.0,0.0,0.0,0.0,0.0,0.0,0.0,6.45
0.0,1.0,0.0,0.0,0.0,0.0,0.0,0.0,6.48
0.0,1.0,0.0,0.0,0.0,0.0,0.0,0.0,6.51
0.0,1.0,0.0,0.0,0.0,0.0,0.0,0.0,6.54
0.0,1.0,0.0,0.0,0.0,0.0,0.0,0.0,6.57
0.0,1.0,0.0,0.0,0.0,0.0,0.0,0.0,6.59
0.0,1.0,0.0,0.0,0.0,0.0,0.0,0.0,6.62
0.0,1.0,0.0,0.0,0.0,0.0,0.0,0.0,6.64
0.0,1.0,0.0,0.0,0.0,0.0,0.0,0.0,6.67
0.0,1.0,0.0,0.0,0.0,0.0,0.0,0.0,6.69
0.0,1.0,0.0,0.0,0.0,0.0,0.0,0.0,6.73
0.0,1.0,0.0,0.0,0.0,0.0,0.0,0.0,6.76
0.0,1.0,0.0,0.0,0.0,0.0,0.0,0.0,6.78
0.0,1.0,0.0,0.0,0.0,0.0,0.0,0.0,6.81
0.0,1.0,0.0,0.0,0.0,0.0,0.0,0.0,6.85
0.0,1.0,0.0,0.0,0.0,0.0,0.0,0.0,6.88
0.0,1.0,0.0,0.0,0.0,0.0,0.0,0.0,6.92
0.0,1.0,0.0,0.0,0.0,0.0,0.0,0.0,6.95
0.0,1.0,0.0,0.0,0.0,0.0,0.0,0.0,6.97
0.0,1.0,0.0,0.0,0.0,0.0,0.0,0.0,7.0
0.0,1.0,0.0,0.0,0.0,0.0,0.0,0.0,7.04
0.0,1.0,0.0,0.0,0.0,0.0,0.0,0.0,7.07
0.0,1.0,0.0,0.0,0.0,0.0,0.0,0.0,7.1
0.0,1.0,0.0,0.0,0.0,0.0,0.0,0.0,7.13
0.0,1.0,0.0,0.0,0.0,0.0,0.0,0.0,7.15
0.0,1.0,0.0,0.0,0.0,0.0,0.0,0.0,7.19
0.0,1.0,0.0,0.0,0.0,0.0,0.0,0.0,7.23
0.0,1.0,0.0,0.0,0.0,0.0,0.0,0.0,7.27
0.0,1.0,0.0,0.0,0.0,0.0,0.0,0.0,7.32
0.0,1.0,0.0,0.0,0.0,0.0,0.0,0.0,7.37
0.0,1.0,0.0,0.0,0.0,0.0,0.0,0.0,7.41
0.0,1.0,0.0,0.0,0.0,0.0,0.0,0.0,7.46
0.0,1.0,0.0,0.0,0.0,0.0,0.0,0.0,7.49
0.0,1.0,0.0,0.0,0.0,0.0,0.0,0.0,7.51
0.0,1.0,0.0,0.0,0.0,0.0,0.0,0.0,7.53
0.0,1.0,0.0,0.0,0.0,0.0,0.0,0.0,7.56
0.0,1.0,0.0,0.0,0.0,0.0,0.0,0.0,7.6
0.0,1.0,0.0,0.0,0.0,0.0,0.0,0.0,7.62
0.0,1.0,0.0,0.0,0.0,0.0,0.0,0.0,7.64
0.0,1.0,0.0,0.0,0.0,0.0,0.0,0.0,7.68
0.0,1.0,0.0,0.0,0.0,0.0,0.0,0.0,7.7
0.0,1.0,0.0,0.0,0.0,0.0,0.0,0.0,7.73
0.0,1.0,0.0,0.0,0.0,0.0,0.0,0.0,7.76
0.0,1.0,0.0,0.0,0.0,0.0,0.0,0.0,7.79
0.0,1.0,0.0,0.0,0.0,0.0,0.0,0.0,7.82
0.0,1.0,0.0,0.0,0.0,0.0,0.0,0.0,7.85
0.0,1.0,0.0,0.0,0.0,0.0,0.0,0.0,7.89
0.0,1.0,0.0,0.0,0.0,0.0,0.0,0.0,7.91
0.0,1.0,0.0,0.0,0.0,0.0,0.0,0.0,7.96
0.0,1.0,0.0,0.0,0.0,0.0,0.0,0.0,8.0
0.0,1.0,0.0,0.0,0.0,0.0,0.0,0.0,8.04
0.0,1.0,0.0,0.0,0.0,0.0,0.0,0.0,8.07
0.0,1.0,0.0,0.0,0.0,0.0,0.0,0.0,8.09
0.0,1.0,0.0,0.0,0.0,0.0,0.0,0.0,8.12
0.0,1.0,0.0,0.0,0.0,0.0,0.0,0.0,8.15
0.0,1.0,0.0,0.0,0.0,0.0,0.0,0.0,8.17
0.0,1.0,0.0,0.0,0.0,0.0,0.0,0.0,8.21
0.0,1.0,0.0,0.0,0.0,0.0,0.0,0.0,8.23
0.0,1.0,0.0,0.0,0.0,0.0,0.0,0.0,8.26
0.0,1.0,0.0,0.0,0.0,0.0,0.0,0.0,8.28
0.0,1.0,0.0,0.0,0.0,0.0,0.0,0.0,8.32
0.0,1.0,0.0,0.0,0.0,0.0,0.0,0.0,8.35
0.0,1.0,0.0,0.0,0.0,0.0,0.0,0.0,8.39
0.0,1.0,0.0,0.0,0.0,0.0,0.0,0.0,8.42
0.0,1.0,0.0,0.0,0.0,0.0,0.0,0.0,8.46
0.0,1.0,0.0,0.0,0.0,0.0,0.0,0.0,8.49
0.0,1.0,0.0,0.0,0.0,0.0,0.0,0.0,8.52
0.0,1.0,0.0,0.0,0.0,0.0,0.0,0.0,8.55
0.0,1.0,0.0,0.0,0.0,0.0,0.0,0.0,8.58
0.0,1.0,0.0,0.0,0.0,0.0,0.0,0.0,8.62
0.0,1.0,0.0,0.0,0.0,0.0,0.0,0.0,8.65
0.0,1.0,0.0,0.0,0.0,0.0,0.0,0.0,8.67
0.0,1.0,0.0,0.0,0.0,0.0,0.0,0.0,8.7
0.0,1.0,0.0,0.0,0.0,0.0,0.0,0.0,8.73
0.0,1.0,0.0,0.0,0.0,0.0,0.0,0.0,8.75
0.0,1.0,0.0,0.0,0.0,0.0,0.0,0.0,8.78
0.0,1.0,0.0,0.0,0.0,0.0,0.0,0.0,8.82
0.0,1.0,0.0,0.0,0.0,0.0,0.0,0.0,8.86
0.0,1.0,0.0,0.0,0.0,0.0,0.0,0.0,8.9
0.0,1.0,0.0,0.0,0.0,0.0,0.0,0.0,8.95
0.0,1.0,0.0,0.0,0.0,0.0,0.0,0.0,8.99
0.0,1.0,0.0,0.0,0.0,0.0,0.0,0.0,9.01
0.0,1.0,0.0,0.0,0.0,0.0,0.0,0.0,9.04
0.0,1.0,0.0,0.0,0.0,0.0,0.0,0.0,9.06
0.0,1.0,0.0,0.0,0.0,0.0,0.0,0.0,9.09
0.0,1.0,0.0,0.0,0.0,0.0,0.0,0.0,9.11
0.0,1.0,0.0,0.0,0.0,0.0,0.0,0.0,9.15
0.0,1.0,0.0,0.0,0.0,0.0,0.0,0.0,9.19
0.0,1.0,0.0,0.0,0.0,0.0,0.0,0.0,9.23
0.0,1.0,0.0,0.0,0.0,0.0,0.0,0.0,9.26
0.0,1.0,0.0,0.0,0.0,0.0,0.0,0.0,9.29
0.0,1.0,0.0,0.0,0.0,0.0,0.0,0.0,9.32
0.0,1.0,0.0,0.0,0.0,0.0,0.0,0.0,9.35
0.0,1.0,0.0,0.0,0.0,0.0,0.0,0.0,9.39
0.0,1.0,0.0,0.0,0.0,0.0,0.0,0.0,9.42
0.0,1.0,0.0,0.0,0.0,0.0,0.0,0.0,9.45
0.0,1.0,0.0,0.0,0.0,0.0,0.0,0.0,9.48
0.0,1.0,0.0,0.0,0.0,0.0,0.0,0.0,9.51
0.0,1.0,0.0,0.0,0.0,0.0,0.0,0.0,9.55
0.0,1.0,0.0,0.0,0.0,0.0,0.0,0.0,9.57
0.0,1.0,0.0,0.0,0.0,0.0,0.0,0.0,9.6
0.0,1.0,0.0,0.0,0.0,0.0,0.0,0.0,9.63
0.0,1.0,0.0,0.0,0.0,0.0,0.0,0.0,9.66
0.0,1.0,0.0,0.0,0.0,0.0,0.0,0.0,9.7
0.0,1.0,0.0,0.0,0.0,0.0,0.0,0.0,9.73
0.0,1.0,0.0,0.0,0.0,0.0,0.0,0.0,9.77
0.0,1.0,0.0,0.0,0.0,0.0,0.0,0.0,9.8
0.0,1.0,0.0,0.0,0.0,0.0,0.0,0.0,9.83
0.0,1.0,0.0,0.0,0.0,0.0,0.0,0.0,9.87
0.0,1.0,0.0,0.0,0.0,0.0,0.0,0.0,9.9
0.0,1.0,0.0,0.0,0.0,0.0,0.0,0.0,9.93
0.0,1.0,0.0,0.0,0.0,0.0,0.0,0.0,9.97
0.0,1.0,0.0,0.0,0.0,0.0,0.0,0.0,10.0
0.0,1.0,0.0,0.0,0.0,0.0,0.0,0.0,10.05
0.0,1.0,0.0,0.0,0.0,0.0,0.0,0.0,10.08
0.0,1.0,0.0,0.0,0.0,0.0,0.0,0.0,10.11
0.0,1.0,0.0,0.0,0.0,0.0,0.0,0.0,10.15
0.0,1.0,0.0,0.0,0.0,0.0,0.0,0.0,10.19
0.0,1.0,0.0,0.0,0.0,0.0,0.0,0.0,10.23
0.0,1.0,0.0,0.0,0.0,0.0,0.0,0.0,10.26
0.0,1.0,0.0,0.0,0.0,0.0,0.0,0.0,10.29
0.0,1.0,0.0,0.0,0.0,0.0,0.0,0.0,10.32
0.0,1.0,0.0,0.0,0.0,0.0,0.0,0.0,10.35
0.0,1.0,0.0,0.0,0.0,0.0,0.0,0.0,10.39
0.0,1.0,0.0,0.0,0.0,0.0,0.0,0.0,10.44
0.0,0.0,0.0,0.0,0.0,0.0,0.0,0.0,10.49
0.0,0.0,0.0,0.0,0.0,0.0,0.0,0.0,10.52
0.0,0.0,0.0,0.0,0.0,0.0,0.0,0.0,10.55
0.0,0.0,0.0,0.0,0.0,0.0,0.0,0.0,10.59
0.0,0.0,0.0,0.0,0.0,0.0,0.0,0.0,10.62
0.0,0.0,0.0,0.0,0.0,0.0,0.0,0.0,10.65
0.0,0.0,0.0,0.0,0.0,0.0,0.0,0.0,10.68
0.0,0.0,0.0,0.0,0.0,0.0,0.0,0.0,10.7
0.0,0.0,0.0,0.0,0.0,0.0,0.0,0.0,10.73
0.0,0.0,0.0,0.0,0.0,0.0,0.0,0.0,10.76
0.0,0.0,0.0,0.0,0.0,0.0,0.0,0.0,10.79
0.0,0.0,0.0,0.0,0.0,0.0,0.0,0.0,10.82
0.0,0.0,0.0,0.0,0.0,0.0,0.0,0.0,10.85
0.0,1.0,0.0,0.0,0.0,0.0,0.0,0.0,10.89
0.0,1.0,0.0,0.0,0.0,0.0,0.0,0.0,10.94
0.0,1.0,0.0,0.0,0.0,0.0,0.0,0.0,10.97
0.0,1.0,0.0,0.0,0.0,0.0,0.0,0.0,10.99
0.0,1.0,0.0,0.0,0.0,0.0,0.0,0.0,11.02
0.0,1.0,0.0,0.0,0.0,0.0,0.0,0.0,11.05
0.0,1.0,0.0,0.0,0.0,0.0,0.0,0.0,11.08
0.0,1.0,0.0,0.0,0.0,0.0,0.0,0.0,11.1
0.0,1.0,0.0,0.0,0.0,0.0,0.0,0.0,11.15
0.0,1.0,0.0,0.0,0.0,0.0,0.0,0.0,11.17
0.0,1.0,0.0,0.0,0.0,0.0,0.0,0.0,11.2
0.0,1.0,0.0,0.0,0.0,0.0,0.0,0.0,11.24
0.0,1.0,0.0,0.0,0.0,0.0,0.0,0.0,11.27
0.0,1.0,0.0,0.0,0.0,0.0,0.0,0.0,11.31
0.0,1.0,0.0,0.0,0.0,0.0,0.0,0.0,11.35
0.0,1.0,0.0,0.0,0.0,0.0,0.0,0.0,11.37
0.0,1.0,0.0,0.0,0.0,0.0,0.0,0.0,11.39
0.0,1.0,0.0,0.0,0.0,0.0,0.0,0.0,11.42
0.0,1.0,0.0,0.0,0.0,0.0,0.0,0.0,11.45
0.0,1.0,0.0,0.0,0.0,0.0,0.0,0.0,11.48
0.0,1.0,0.0,0.0,0.0,0.0,0.0,0.0,11.51
0.0,1.0,0.0,0.0,0.0,0.0,0.0,0.0,11.53
0.0,1.0,0.0,0.0,0.0,0.0,0.0,0.0,11.55
0.0,1.0,0.0,0.0,0.0,0.0,1.0,0.0,11.6
0.0,1.0,0.0,0.0,0.0,0.0,1.0,0.0,11.65
0.0,1.0,0.0,0.0,0.0,0.0,1.0,0.0,11.68
0.0,1.0,0.0,0.0,0.0,0.0,1.0,0.0,11.71
0.0,1.0,0.0,0.0,0.0,0.0,1.0,0.0,11.75
0.0,1.0,0.0,0.0,0.0,0.0,1.0,0.0,11.78
0.0,1.0,0.0,0.0,0.0,0.0,1.0,0.0,11.83
0.0,1.0,0.0,0.0,0.0,0.0,1.0,0.0,11.85
0.0,1.0,0.0,0.0,0.0,0.0,1.0,0.0,11.89
0.0,1.0,0.0,0.0,0.0,0.0,1.0,0.0,11.91
0.0,1.0,0.0,0.0,0.0,0.0,1.0,0.0,11.94
0.0,1.0,0.0,0.0,0.0,0.0,1.0,0.0,11.98
0.0,1.0,0.0,0.0,0.0,0.0,1.0,0.0,12.0
0.0,1.0,0.0,0.0,0.0,0.0,1.0,0.0,12.03
0.0,1.0,0.0,0.0,0.0,0.0,1.0,0.0,12.06
0.0,1.0,0.0,0.0,0.0,0.0,1.0,0.0,12.08
0.0,1.0,0.0,0.0,0.0,0.0,1.0,0.0,12.12
0.0,1.0,0.0,0.0,0.0,0.0,1.0,0.0,12.16
0.0,1.0,0.0,0.0,0.0,0.0,1.0,0.0,12.18
0.0,1.0,0.0,0.0,0.0,0.0,1.0,0.0,12.21
0.0,1.0,0.0,0.0,0.0,0.0,1.0,0.0,12.24
0.0,1.0,0.0,0.0,0.0,0.0,1.0,0.0,12.27
0.0,1.0,0.0,0.0,0.0,0.0,1.0,0.0,12.3
0.0,1.0,0.0,0.0,0.0,0.0,1.0,0.0,12.34
0.0,1.0,0.0,0.0,0.0,0.0,1.0,0.0,12.37
0.0,1.0,0.0,0.0,0.0,0.0,1.0,0.0,12.41
0.0,1.0,0.0,0.0,0.0,0.0,1.0,0.0,12.43
0.0,1.0,0.0,0.0,0.0,0.0,1.0,0.0,12.46
0.0,1.0,0.0,0.0,0.0,0.0,1.0,0.0,12.51
0.0,1.0,0.0,0.0,0.0,0.0,1.0,0.0,12.54
0.0,1.0,0.0,0.0,0.0,0.0,1.0,0.0,12.58
0.0,1.0,0.0,0.0,0.0,0.0,1.0,0.0,12.61
0.0,1.0,0.0,0.0,0.0,0.0,1.0,0.0,12.64
0.0,1.0,0.0,0.0,0.0,0.0,1.0,0.0,12.67
0.0,1.0,0.0,0.0,0.0,0.0,1.0,0.0,12.71
0.0,1.0,0.0,0.0,0.0,0.0,1.0,0.0,12.74
0.0,1.0,0.0,0.0,0.0,0.0,1.0,0.0,12.77
0.0,1.0,0.0,0.0,0.0,0.0,1.0,0.0,12.8
0.0,1.0,0.0,0.0,0.0,0.0,1.0,0.0,12.83
0.0,1.0,0.0,0.0,0.0,0.0,1.0,0.0,12.87
0.0,1.0,0.0,0.0,0.0,0.0,1.0,0.0,12.9
0.0,1.0,0.0,0.0,0.0,0.0,1.0,0.0,12.93
0.0,1.0,0.0,0.0,0.0,0.0,1.0,0.0,12.97
0.0,1.0,0.0,0.0,0.0,0.0,1.0,0.0,13.02
0.0,1.0,0.0,0.0,0.0,0.0,1.0,0.0,13.06
0.0,1.0,0.0,0.0,0.0,0.0,1.0,0.0,13.09
0.0,1.0,0.0,0.0,0.0,0.0,1.0,0.0,13.13
0.0,1.0,0.0,0.0,0.0,0.0,1.0,0.0,13.16
0.0,1.0,0.0,0.0,0.0,0.0,1.0,0.0,13.18
0.0,1.0,0.0,0.0,0.0,0.0,1.0,0.0,13.21
0.0,1.0,0.0,0.0,0.0,0.0,1.0,0.0,13.24
0.0,1.0,0.0,0.0,0.0,0.0,1.0,0.0,13.28
0.0,1.0,0.0,0.0,0.0,0.0,1.0,0.0,13.32
0.0,1.0,0.0,0.0,0.0,0.0,1.0,0.0,13.35
0.0,1.0,0.0,0.0,0.0,0.0,1.0,0.0,13.38
0.0,1.0,0.0,0.0,0.0,0.0,1.0,0.0,13.42
0.0,1.0,0.0,0.0,0.0,0.0,1.0,0.0,13.45
0.0,1.0,0.0,0.0,0.0,0.0,1.0,0.0,13.47
0.0,1.0,0.0,0.0,0.0,0.0,1.0,0.0,13.49
0.0,1.0,0.0,0.0,0.0,0.0,1.0,0.0,13.52
0.0,1.0,0.0,0.0,0.0,0.0,1.0,0.0,13.55
0.0,1.0,0.0,0.0,0.0,0.0,1.0,0.0,13.58
0.0,1.0,0.0,0.0,0.0,0.0,1.0,0.0,13.61
0.0,1.0,0.0,0.0,0.0,0.0,1.0,0.0,13.64
0.0,1.0,0.0,0.0,0.0,0.0,1.0,0.0,13.69
0.0,1.0,0.0,0.0,0.0,0.0,1.0,0.0,13.73
0.0,1.0,0.0,0.0,0.0,0.0,1.0,0.0,13.77
0.0,1.0,0.0,0.0,0.0,0.0,1.0,0.0,13.79
0.0,1.0,0.0,0.0,0.0,0.0,1.0,0.0,13.82
0.0,1.0,0.0,0.0,0.0,0.0,1.0,0.0,13.85
0.0,1.0,0.0,0.0,0.0,0.0,1.0,0.0,13.87
0.0,1.0,0.0,0.0,0.0,0.0,1.0,0.0,13.9
0.0,1.0,0.0,0.0,0.0,0.0,1.0,0.0,13.93
0.0,1.0,0.0,0.0,0.0,0.0,1.0,0.0,13.96
0.0,1.0,0.0,0.0,0.0,0.0,1.0,0.0,13.98
0.0,1.0,0.0,0.0,0.0,0.0,1.0,0.0,14.0
0.0,1.0,0.0,0.0,0.0,0.0,1.0,0.0,14.03
0.0,1.0,0.0,0.0,0.0,0.0,1.0,0.0,14.07
0.0,1.0,0.0,0.0,0.0,0.0,1.0,0.0,14.1
0.0,1.0,0.0,0.0,0.0,0.0,1.0,0.0,14.13
0.0,1.0,0.0,0.0,0.0,0.0,1.0,0.0,14.17
0.0,1.0,0.0,0.0,0.0,0.0,1.0,0.0,14.19
0.0,1.0,0.0,0.0,0.0,0.0,1.0,0.0,14.23
0.0,1.0,0.0,0.0,0.0,0.0,1.0,0.0,14.25
0.0,1.0,0.0,0.0,0.0,0.0,1.0,0.0,14.28
0.0,1.0,0.0,0.0,0.0,0.0,1.0,0.0,14.31
0.0,1.0,0.0,0.0,0.0,0.0,1.0,0.0,14.33
0.0,1.0,0.0,0.0,0.0,0.0,1.0,0.0,14.36
0.0,1.0,0.0,0.0,0.0,0.0,1.0,0.0,14.4
0.0,1.0,0.0,0.0,0.0,0.0,1.0,0.0,14.43
0.0,1.0,0.0,0.0,0.0,0.0,1.0,0.0,14.45
0.0,1.0,0.0,0.0,0.0,0.0,1.0,0.0,14.49
0.0,1.0,0.0,0.0,0.0,0.0,1.0,0.0,14.51
0.0,1.0,0.0,0.0,0.0,0.0,1.0,0.0,14.55
0.0,1.0,0.0,0.0,0.0,0.0,1.0,0.0,14.58
0.0,1.0,0.0,0.0,0.0,0.0,1.0,0.0,14.6
0.0,1.0,0.0,0.0,0.0,0.0,1.0,0.0,14.63
0.0,1.0,0.0,0.0,0.0,0.0,1.0,0.0,14.66
0.0,1.0,0.0,0.0,0.0,0.0,1.0,0.0,14.69
0.0,1.0,0.0,0.0,0.0,0.0,1.0,0.0,14.73
0.0,1.0,0.0,0.0,0.0,0.0,1.0,0.0,14.75
0.0,1.0,0.0,0.0,0.0,0.0,1.0,0.0,14.77
0.0,1.0,0.0,0.0,0.0,0.0,1.0,0.0,14.79
0.0,1.0,0.0,0.0,0.0,0.0,1.0,0.0,14.83
0.0,1.0,0.0,0.0,0.0,0.0,1.0,0.0,14.87
0.0,1.0,0.0,0.0,0.0,0.0,1.0,0.0,14.89
0.0,1.0,0.0,0.0,0.0,0.0,1.0,0.0,14.92
0.0,1.0,0.0,0.0,0.0,0.0,1.0,0.0,14.96
0.0,1.0,0.0,0.0,0.0,0.0,1.0,0.0,14.99
0.0,1.0,0.0,0.0,0.0,0.0,1.0,0.0,15.02
0.0,1.0,0.0,0.0,0.0,0.0,1.0,0.0,15.06
0.0,1.0,0.0,0.0,0.0,0.0,1.0,0.0,15.09
0.0,1.0,0.0,0.0,0.0,0.0,1.0,0.0,15.14
0.0,1.0,0.0,0.0,0.0,0.0,1.0,0.0,15.17
0.0,1.0,0.0,0.0,0.0,0.0,1.0,0.0,15.2
0.0,1.0,0.0,0.0,0.0,0.0,1.0,0.0,15.23
0.0,1.0,0.0,0.0,0.0,0.0,1.0,0.0,15.26
0.0,1.0,0.0,0.0,0.0,0.0,1.0,0.0,15.29
0.0,1.0,0.0,0.0,0.0,0.0,1.0,0.0,15.32
0.0,1.0,0.0,0.0,0.0,0.0,1.0,0.0,15.35
0.0,1.0,0.0,0.0,0.0,0.0,1.0,0.0,15.39
0.0,1.0,0.0,0.0,0.0,0.0,1.0,0.0,15.43
0.0,1.0,0.0,0.0,0.0,0.0,1.0,0.0,15.45
0.0,1.0,0.0,0.0,0.0,0.0,1.0,0.0,15.48
0.0,1.0,0.0,0.0,0.0,0.0,1.0,0.0,15.52
0.0,1.0,0.0,0.0,0.0,0.0,1.0,0.0,15.56
0.0,1.0,0.0,0.0,0.0,0.0,1.0,0.0,15.6
0.0,1.0,0.0,0.0,0.0,0.0,1.0,0.0,15.63
0.0,1.0,0.0,0.0,0.0,0.0,1.0,0.0,15.66
0.0,1.0,0.0,0.0,0.0,0.0,1.0,0.0,15.69
0.0,1.0,0.0,0.0,0.0,0.0,1.0,0.0,15.73
0.0,1.0,0.0,0.0,0.0,0.0,1.0,0.0,15.76
0.0,1.0,0.0,0.0,0.0,0.0,1.0,0.0,15.79
0.0,1.0,0.0,0.0,0.0,0.0,1.0,0.0,15.83
0.0,1.0,0.0,0.0,0.0,0.0,1.0,0.0,15.86
0.0,1.0,0.0,0.0,0.0,0.0,1.0,0.0,15.9
0.0,1.0,0.0,0.0,0.0,0.0,1.0,0.0,15.94
0.0,1.0,0.0,0.0,0.0,0.0,1.0,0.0,15.97
0.0,1.0,0.0,0.0,0.0,0.0,1.0,0.0,16.0
0.0,1.0,0.0,0.0,0.0,0.0,1.0,0.0,16.03
0.0,1.0,0.0,0.0,0.0,0.0,1.0,0.0,16.07
0.0,1.0,0.0,0.0,0.0,0.0,1.0,0.0,16.09
0.0,1.0,0.0,0.0,0.0,0.0,1.0,0.0,16.11
0.0,1.0,0.0,0.0,0.0,0.0,1.0,0.0,16.15
0.0,1.0,0.0,0.0,0.0,0.0,1.0,0.0,16.19
0.0,1.0,0.0,0.0,0.0,0.0,1.0,0.0,16.23
0.0,1.0,0.0,0.0,0.0,0.0,1.0,0.0,16.26
0.0,1.0,0.0,0.0,0.0,0.0,1.0,0.0,16.29
0.0,1.0,0.0,0.0,0.0,0.0,1.0,0.0,16.32
0.0,1.0,0.0,0.0,0.0,0.0,1.0,0.0,16.34
0.0,1.0,0.0,0.0,0.0,0.0,1.0,0.0,16.37
0.0,1.0,0.0,0.0,0.0,0.0,1.0,0.0,16.41
0.0,1.0,0.0,0.0,0.0,0.0,1.0,0.0,16.45
0.0,1.0,0.0,0.0,0.0,0.0,1.0,0.0,16.48
0.0,1.0,0.0,0.0,0.0,0.0,1.0,0.0,16.52
0.0,1.0,0.0,0.0,0.0,0.0,1.0,0.0,16.55
0.0,1.0,0.0,0.0,0.0,0.0,1.0,0.0,16.57
0.0,1.0,0.0,0.0,0.0,0.0,1.0,0.0,16.59
0.0,1.0,0.0,0.0,0.0,0.0,1.0,0.0,16.62
0.0,1.0,0.0,0.0,0.0,0.0,1.0,0.0,16.64
0.0,1.0,0.0,0.0,0.0,0.0,1.0,0.0,16.66
0.0,1.0,0.0,0.0,0.0,0.0,1.0,0.0,16.69
0.0,1.0,0.0,0.0,0.0,0.0,1.0,0.0,16.72
0.0,1.0,0.0,0.0,0.0,0.0,1.0,0.0,16.76
0.0,1.0,0.0,0.0,0.0,0.0,1.0,0.0,16.78
0.0,1.0,0.0,0.0,0.0,0.0,1.0,0.0,16.81
0.0,1.0,0.0,0.0,0.0,0.0,1.0,0.0,16.84
0.0,1.0,0.0,0.0,0.0,0.0,1.0,0.0,16.86
0.0,1.0,0.0,0.0,0.0,0.0,1.0,0.0,16.88
0.0,1.0,0.0,0.0,0.0,0.0,1.0,0.0,16.92
0.0,1.0,0.0,0.0,0.0,0.0,1.0,0.0,16.97
0.0,1.0,0.0,0.0,0.0,0.0,1.0,0.0,17.01
0.0,1.0,0.0,0.0,0.0,0.0,1.0,0.0,17.04
0.0,1.0,0.0,0.0,0.0,0.0,1.0,0.0,17.06
0.0,1.0,0.0,0.0,0.0,0.0,1.0,0.0,17.1
0.0,1.0,0.0,0.0,0.0,0.0,1.0,0.0,17.13
0.0,1.0,0.0,0.0,0.0,0.0,1.0,0.0,17.15
0.0,1.0,0.0,0.0,0.0,0.0,1.0,0.0,17.19
0.0,1.0,0.0,0.0,0.0,0.0,1.0,0.0,17.21
0.0,1.0,0.0,0.0,0.0,0.0,1.0,0.0,17.25
0.0,1.0,0.0,0.0,0.0,0.0,1.0,0.0,17.27
0.0,1.0,0.0,0.0,0.0,0.0,1.0,0.0,17.29
0.0,1.0,0.0,0.0,0.0,0.0,1.0,0.0,17.31
0.0,1.0,0.0,0.0,0.0,0.0,1.0,0.0,17.36
0.0,1.0,0.0,0.0,0.0,0.0,1.0,0.0,17.39
0.0,1.0,0.0,0.0,0.0,0.0,1.0,0.0,17.43
0.0,1.0,0.0,0.0,0.0,0.0,1.0,0.0,17.46
0.0,1.0,0.0,0.0,0.0,0.0,1.0,0.0,17.49
0.0,1.0,0.0,0.0,0.0,0.0,1.0,0.0,17.52
0.0,1.0,0.0,0.0,0.0,0.0,1.0,0.0,17.56
0.0,1.0,0.0,0.0,0.0,0.0,1.0,0.0,17.59
0.0,1.0,0.0,0.0,0.0,0.0,1.0,0.0,17.63
0.0,1.0,0.0,0.0,0.0,0.0,1.0,0.0,17.66
0.0,1.0,0.0,0.0,0.0,0.0,1.0,0.0,17.7
0.0,1.0,0.0,0.0,0.0,0.0,1.0,0.0,17.73
0.0,1.0,0.0,0.0,0.0,0.0,1.0,0.0,17.77
0.0,1.0,0.0,0.0,0.0,0.0,1.0,0.0,17.8
0.0,1.0,0.0,0.0,0.0,0.0,1.0,0.0,17.83
0.0,1.0,0.0,0.0,0.0,0.0,1.0,0.0,17.86
0.0,1.0,0.0,0.0,0.0,0.0,1.0,0.0,17.9
0.0,1.0,0.0,0.0,0.0,0.0,1.0,0.0,17.94
0.0,1.0,0.0,0.0,0.0,0.0,1.0,0.0,17.98
0.0,1.0,0.0,0.0,0.0,0.0,1.0,0.0,18.04
0.0,1.0,0.0,0.0,0.0,0.0,1.0,0.0,18.06
0.0,1.0,0.0,0.0,0.0,0.0,1.0,0.0,18.1
0.0,1.0,0.0,0.0,0.0,0.0,1.0,0.0,18.15
0.0,1.0,0.0,0.0,0.0,0.0,1.0,0.0,18.18
0.0,1.0,0.0,0.0,0.0,0.0,1.0,0.0,18.22
0.0,1.0,0.0,0.0,0.0,0.0,1.0,0.0,18.27
0.0,1.0,0.0,0.0,0.0,0.0,1.0,0.0,18.3
0.0,1.0,0.0,0.0,0.0,0.0,1.0,0.0,18.33
0.0,1.0,0.0,0.0,0.0,0.0,1.0,0.0,18.38
0.0,1.0,0.0,0.0,0.0,0.0,1.0,0.0,18.41
0.0,1.0,0.0,0.0,0.0,0.0,1.0,0.0,18.44
0.0,1.0,0.0,0.0,0.0,0.0,1.0,0.0,18.47
0.0,1.0,0.0,0.0,0.0,0.0,1.0,0.0,18.5
0.0,1.0,0.0,0.0,0.0,0.0,1.0,0.0,18.53
0.0,1.0,0.0,0.0,0.0,0.0,1.0,0.0,18.56
0.0,1.0,0.0,0.0,0.0,0.0,1.0,0.0,18.6
0.0,1.0,0.0,0.0,0.0,0.0,1.0,0.0,18.64
0.0,1.0,0.0,0.0,0.0,0.0,1.0,0.0,18.66
0.0,1.0,0.0,0.0,0.0,0.0,1.0,0.0,18.69
0.0,1.0,0.0,0.0,0.0,0.0,1.0,0.0,18.73
0.0,1.0,0.0,0.0,0.0,0.0,1.0,0.0,18.76
0.0,1.0,0.0,0.0,0.0,0.0,1.0,0.0,18.79
0.0,1.0,0.0,0.0,0.0,0.0,1.0,0.0,18.83
0.0,1.0,0.0,0.0,0.0,0.0,1.0,0.0,18.86
0.0,1.0,0.0,0.0,0.0,0.0,1.0,0.0,18.89
0.0,1.0,0.0,0.0,0.0,0.0,1.0,0.0,18.92
0.0,1.0,0.0,0.0,0.0,0.0,1.0,0.0,18.95
0.0,1.0,0.0,0.0,0.0,0.0,1.0,0.0,18.97
0.0,1.0,0.0,0.0,0.0,0.0,1.0,0.0,19.0
0.0,1.0,0.0,0.0,0.0,0.0,1.0,0.0,19.03
0.0,1.0,0.0,0.0,0.0,0.0,1.0,0.0,19.08
0.0,1.0,0.0,0.0,0.0,0.0,1.0,0.0,19.11
0.0,1.0,0.0,0.0,0.0,0.0,1.0,0.0,19.14
0.0,1.0,0.0,0.0,0.0,0.0,1.0,0.0,19.18
0.0,1.0,0.0,0.0,0.0,0.0,1.0,0.0,19.2
0.0,1.0,0.0,0.0,0.0,0.0,1.0,0.0,19.23
0.0,1.0,0.0,0.0,0.0,0.0,1.0,0.0,19.26
0.0,1.0,0.0,0.0,0.0,0.0,1.0,0.0,19.29
0.0,1.0,0.0,0.0,0.0,0.0,1.0,0.0,19.33
0.0,1.0,0.0,0.0,0.0,0.0,1.0,0.0,19.35
0.0,1.0,0.0,0.0,0.0,0.0,1.0,0.0,19.4
0.0,1.0,0.0,0.0,0.0,0.0,1.0,0.0,19.44
0.0,1.0,0.0,0.0,0.0,0.0,1.0,0.0,19.48
0.0,1.0,0.0,0.0,0.0,0.0,1.0,0.0,19.52
0.0,1.0,0.0,0.0,0.0,0.0,1.0,0.0,19.56
0.0,1.0,0.0,0.0,0.0,0.0,1.0,0.0,19.59
0.0,1.0,0.0,0.0,0.0,0.0,1.0,0.0,19.62
0.0,1.0,0.0,0.0,0.0,0.0,1.0,0.0,19.64
0.0,1.0,0.0,0.0,0.0,0.0,1.0,0.0,19.67
0.0,1.0,0.0,0.0,0.0,0.0,1.0,0.0,19.71
0.0,1.0,0.0,0.0,0.0,0.0,1.0,0.0,19.74
0.0,1.0,0.0,0.0,0.0,0.0,1.0,0.0,19.78
0.0,1.0,0.0,0.0,0.0,0.0,1.0,0.0,19.82
0.0,1.0,0.0,0.0,0.0,0.0,1.0,0.0,19.85
0.0,1.0,0.0,0.0,0.0,0.0,1.0,0.0,19.88
0.0,1.0,0.0,0.0,0.0,0.0,1.0,0.0,19.92
0.0,1.0,0.0,0.0,0.0,0.0,1.0,0.0,19.97
0.0,1.0,0.0,0.0,0.0,0.0,1.0,0.0,20.01
0.0,1.0,0.0,0.0,0.0,0.0,1.0,0.0,20.06
0.0,1.0,0.0,0.0,0.0,0.0,1.0,0.0,20.1
0.0,1.0,0.0,0.0,0.0,0.0,1.0,0.0,20.14
0.0,1.0,0.0,0.0,0.0,0.0,1.0,0.0,20.17
0.0,1.0,0.0,0.0,0.0,0.0,1.0,0.0,20.19
0.0,1.0,0.0,0.0,0.0,0.0,1.0,0.0,20.22
0.0,1.0,0.0,0.0,0.0,0.0,1.0,0.0,20.25
0.0,1.0,0.0,0.0,0.0,0.0,1.0,0.0,20.27
0.0,1.0,0.0,0.0,0.0,0.0,1.0,0.0,20.32
0.0,1.0,0.0,0.0,0.0,0.0,1.0,0.0,20.34
0.0,1.0,0.0,0.0,0.0,0.0,1.0,0.0,20.37
0.0,1.0,0.0,0.0,0.0,0.0,1.0,0.0,20.4
0.0,1.0,0.0,0.0,0.0,0.0,1.0,0.0,20.44
0.0,1.0,0.0,0.0,0.0,0.0,1.0,0.0,20.48
0.0,1.0,0.0,0.0,0.0,0.0,1.0,0.0,20.5
0.0,1.0,0.0,0.0,0.0,0.0,1.0,0.0,20.54
0.0,1.0,0.0,0.0,0.0,0.0,1.0,0.0,20.57
0.0,1.0,0.0,0.0,0.0,0.0,1.0,0.0,20.59
0.0,1.0,0.0,0.0,0.0,0.0,1.0,0.0,20.62
0.0,1.0,0.0,0.0,0.0,0.0,1.0,0.0,20.65
0.0,1.0,0.0,0.0,0.0,0.0,1.0,0.0,20.67
0.0,1.0,0.0,0.0,0.0,0.0,1.0,0.0,20.69
0.0,1.0,0.0,0.0,0.0,0.0,1.0,0.0,20.72
0.0,1.0,0.0,0.0,0.0,0.0,1.0,0.0,20.75
0.0,1.0,0.0,0.0,0.0,0.0,1.0,0.0,20.79
0.0,1.0,0.0,0.0,0.0,0.0,1.0,0.0,20.82
0.0,1.0,0.0,0.0,0.0,0.0,1.0,0.0,20.85
0.0,1.0,0.0,0.0,0.0,0.0,1.0,0.0,20.88
0.0,1.0,0.0,0.0,0.0,0.0,1.0,0.0,20.9
0.0,1.0,0.0,0.0,0.0,0.0,1.0,0.0,20.92
0.0,1.0,0.0,0.0,0.0,0.0,1.0,0.0,20.95
0.0,1.0,0.0,0.0,0.0,0.0,1.0,0.0,20.98
0.0,1.0,0.0,0.0,0.0,0.0,1.0,0.0,21.03
0.0,1.0,0.0,0.0,0.0,0.0,1.0,0.0,21.07
0.0,1.0,0.0,0.0,0.0,0.0,1.0,0.0,21.09
0.0,1.0,0.0,0.0,0.0,0.0,1.0,0.0,21.13
0.0,1.0,0.0,0.0,0.0,0.0,1.0,0.0,21.18
0.0,1.0,0.0,0.0,0.0,0.0,1.0,0.0,21.22
0.0,1.0,0.0,0.0,0.0,0.0,1.0,0.0,21.27
0.0,1.0,0.0,0.0,0.0,0.0,1.0,0.0,21.3
0.0,1.0,0.0,0.0,0.0,0.0,1.0,0.0,21.32
0.0,1.0,0.0,0.0,0.0,0.0,1.0,0.0,21.37
0.0,1.0,0.0,0.0,0.0,0.0,1.0,0.0,21.39
0.0,1.0,0.0,0.0,0.0,0.0,1.0,0.0,21.41
0.0,1.0,0.0,0.0,0.0,0.0,1.0,0.0,21.44
0.0,1.0,0.0,0.0,0.0,0.0,1.0,0.0,21.47
0.0,1.0,0.0,0.0,0.0,0.0,1.0,0.0,21.51
0.0,1.0,0.0,0.0,0.0,0.0,1.0,0.0,21.53
0.0,1.0,0.0,0.0,0.0,0.0,1.0,0.0,21.56
0.0,1.0,0.0,0.0,0.0,0.0,1.0,0.0,21.61
0.0,1.0,0.0,0.0,0.0,0.0,1.0,0.0,21.66
0.0,1.0,0.0,0.0,0.0,0.0,1.0,0.0,21.68
0.0,1.0,0.0,0.0,0.0,0.0,1.0,0.0,21.7
0.0,1.0,0.0,0.0,0.0,0.0,1.0,0.0,21.74
0.0,1.0,0.0,0.0,0.0,0.0,1.0,0.0,21.78
0.0,1.0,0.0,0.0,0.0,0.0,1.0,0.0,21.81
0.0,1.0,0.0,0.0,0.0,0.0,1.0,0.0,21.84
0.0,1.0,0.0,0.0,0.0,0.0,1.0,0.0,21.87
0.0,1.0,0.0,0.0,0.0,0.0,1.0,0.0,21.9
0.0,1.0,0.0,0.0,0.0,0.0,1.0,0.0,21.93
0.0,1.0,0.0,0.0,0.0,0.0,1.0,0.0,21.96
0.0,1.0,0.0,0.0,0.0,0.0,1.0,0.0,21.99
0.0,1.0,0.0,0.0,0.0,0.0,1.0,0.0,22.03
0.0,1.0,0.0,0.0,0.0,0.0,1.0,0.0,22.05
0.0,1.0,0.0,0.0,0.0,0.0,1.0,0.0,22.08
0.0,1.0,0.0,0.0,0.0,0.0,1.0,0.0,22.11
0.0,1.0,0.0,0.0,0.0,0.0,1.0,0.0,22.13
0.0,1.0,0.0,0.0,0.0,0.0,1.0,0.0,22.16
0.0,1.0,0.0,0.0,0.0,0.0,1.0,0.0,22.19
0.0,1.0,0.0,0.0,0.0,0.0,1.0,0.0,22.23
0.0,1.0,0.0,0.0,0.0,0.0,1.0,0.0,22.27
0.0,1.0,0.0,0.0,0.0,0.0,1.0,0.0,22.3
0.0,1.0,0.0,0.0,0.0,0.0,1.0,0.0,22.33
0.0,1.0,0.0,0.0,0.0,0.0,1.0,0.0,22.36
0.0,1.0,0.0,0.0,0.0,0.0,1.0,0.0,22.39
0.0,1.0,0.0,0.0,0.0,0.0,1.0,0.0,22.43
0.0,1.0,0.0,0.0,0.0,0.0,1.0,0.0,22.47
0.0,1.0,0.0,0.0,0.0,0.0,1.0,0.0,22.49
0.0,1.0,0.0,0.0,0.0,0.0,1.0,0.0,22.52
0.0,1.0,0.0,0.0,0.0,0.0,0.0,0.0,22.56
0.0,1.0,0.0,0.0,0.0,0.0,0.0,0.0,22.59
0.0,1.0,0.0,0.0,0.0,0.0,0.0,0.0,22.63
0.0,1.0,0.0,0.0,0.0,0.0,0.0,0.0,22.66
0.0,1.0,0.0,0.0,0.0,0.0,0.0,0.0,22.69
0.0,1.0,0.0,0.0,0.0,0.0,0.0,0.0,22.72
0.0,1.0,0.0,0.0,0.0,0.0,0.0,0.0,22.74
0.0,1.0,0.0,0.0,0.0,0.0,0.0,0.0,22.77
0.0,1.0,0.0,0.0,0.0,0.0,0.0,0.0,22.82
0.0,1.0,0.0,0.0,0.0,0.0,0.0,0.0,22.85
0.0,1.0,0.0,0.0,0.0,0.0,0.0,0.0,22.89
0.0,1.0,0.0,0.0,0.0,0.0,0.0,0.0,22.91
0.0,0.0,0.0,0.0,0.0,0.0,0.0,0.0,22.95
0.0,0.0,0.0,0.0,0.0,0.0,0.0,0.0,22.99
0.0,0.0,0.0,0.0,0.0,0.0,0.0,0.0,23.03
0.0,0.0,0.0,0.0,0.0,0.0,0.0,0.0,23.06
0.0,0.0,0.0,0.0,0.0,0.0,0.0,0.0,23.1
0.0,0.0,0.0,0.0,0.0,0.0,0.0,0.0,23.12
0.0,0.0,0.0,0.0,0.0,0.0,0.0,0.0,23.16
0.0,0.0,0.0,0.0,0.0,0.0,0.0,0.0,23.2
0.0,0.0,0.0,0.0,0.0,0.0,0.0,0.0,23.24
0.0,0.0,0.0,0.0,0.0,0.0,0.0,0.0,23.26
0.0,0.0,0.0,0.0,0.0,0.0,0.0,0.0,23.3
0.0,0.0,0.0,0.0,0.0,0.0,0.0,0.0,23.33
0.0,0.0,0.0,0.0,0.0,0.0,0.0,0.0,23.38
0.0,0.0,0.0,0.0,0.0,0.0,0.0,0.0,23.41
0.0,0.0,0.0,0.0,0.0,0.0,0.0,0.0,23.44
0.0,0.0,0.0,0.0,0.0,0.0,0.0,0.0,23.48
0.0,0.0,0.0,0.0,0.0,0.0,0.0,0.0,23.51
0.0,0.0,0.0,0.0,0.0,0.0,0.0,0.0,23.54
0.0,0.0,0.0,0.0,0.0,0.0,0.0,0.0,23.57
0.0,0.0,0.0,0.0,0.0,0.0,0.0,0.0,23.6
0.0,0.0,0.0,0.0,0.0,0.0,0.0,0.0,23.63
0.0,0.0,0.0,0.0,0.0,0.0,0.0,0.0,23.66
0.0,0.0,0.0,0.0,0.0,0.0,0.0,0.0,23.7
0.0,0.0,0.0,0.0,0.0,0.0,0.0,0.0,23.74
0.0,0.0,0.0,0.0,0.0,0.0,0.0,0.0,23.77
0.0,0.0,0.0,0.0,0.0,0.0,0.0,0.0,23.8
0.0,0.0,0.0,0.0,0.0,0.0,0.0,0.0,23.83
0.0,0.0,0.0,0.0,0.0,0.0,0.0,0.0,23.88
0.0,0.0,0.0,0.0,0.0,0.0,0.0,0.0,23.91
0.0,0.0,0.0,0.0,0.0,0.0,0.0,0.0,23.94
0.0,0.0,0.0,0.0,0.0,0.0,0.0,0.0,23.98
0.0,0.0,0.0,0.0,0.0,0.0,0.0,0.0,24.0
0.0,0.0,0.0,0.0,0.0,0.0,0.0,0.0,24.04
0.0,0.0,0.0,0.0,0.0,0.0,0.0,0.0,24.08
0.0,0.0,0.0,0.0,0.0,0.0,0.0,0.0,24.11
0.0,0.0,0.0,0.0,0.0,0.0,0.0,0.0,24.14
0.0,0.0,0.0,0.0,0.0,0.0,0.0,0.0,24.17
0.0,0.0,0.0,0.0,0.0,0.0,0.0,0.0,24.21
0.0,0.0,0.0,0.0,0.0,0.0,0.0,0.0,24.24
0.0,0.0,0.0,0.0,0.0,0.0,0.0,0.0,24.28
0.0,0.0,0.0,0.0,0.0,0.0,0.0,0.0,24.31
0.0,0.0,0.0,0.0,0.0,0.0,0.0,0.0,24.34
0.0,0.0,0.0,0.0,0.0,0.0,0.0,0.0,24.36
0.0,0.0,0.0,0.0,0.0,0.0,0.0,0.0,24.39
0.0,0.0,0.0,0.0,0.0,0.0,0.0,0.0,24.43
0.0,0.0,0.0,0.0,0.0,0.0,0.0,0.0,24.46
0.0,0.0,0.0,0.0,0.0,0.0,0.0,0.0,24.49
0.0,0.0,0.0,0.0,0.0,0.0,0.0,0.0,24.51
0.0,0.0,0.0,0.0,0.0,0.0,0.0,0.0,24.54
0.0,0.0,0.0,0.0,0.0,0.0,0.0,0.0,24.57
0.0,0.0,0.0,0.0,0.0,0.0,0.0,0.0,24.6
0.0,0.0,0.0,0.0,0.0,0.0,0.0,0.0,24.63
0.0,0.0,0.0,0.0,0.0,0.0,0.0,0.0,24.65
0.0,0.0,0.0,0.0,0.0,0.0,0.0,0.0,24.68
0.0,0.0,0.0,0.0,0.0,0.0,0.0,0.0,24.71
0.0,0.0,0.0,0.0,0.0,0.0,0.0,0.0,24.75
0.0,0.0,0.0,0.0,0.0,0.0,0.0,0.0,24.77
0.0,0.0,0.0,0.0,0.0,0.0,0.0,0.0,24.8
0.0,0.0,0.0,0.0,0.0,0.0,0.0,0.0,24.84
0.0,0.0,0.0,0.0,0.0,0.0,0.0,0.0,24.87
0.0,0.0,0.0,0.0,0.0,0.0,0.0,0.0,24.9
0.0,0.0,0.0,0.0,0.0,0.0,0.0,0.0,24.96
0.0,0.0,0.0,0.0,0.0,0.0,0.0,0.0,25.02
0.0,0.0,0.0,0.0,0.0,0.0,0.0,0.0,25.06
0.0,0.0,0.0,0.0,0.0,0.0,0.0,0.0,25.09
0.0,0.0,0.0,0.0,0.0,0.0,0.0,0.0,25.13
0.0,0.0,0.0,0.0,0.0,0.0,0.0,0.0,25.16
0.0,0.0,0.0,0.0,0.0,0.0,0.0,0.0,25.18
0.0,0.0,0.0,0.0,0.0,0.0,0.0,0.0,25.21
0.0,0.0,0.0,0.0,0.0,0.0,0.0,0.0,25.24
0.0,0.0,0.0,0.0,0.0,0.0,0.0,0.0,25.29
0.0,0.0,0.0,0.0,0.0,0.0,0.0,0.0,25.33
0.0,0.0,0.0,0.0,0.0,0.0,0.0,0.0,25.37
0.0,0.0,0.0,0.0,0.0,0.0,0.0,0.0,25.4
0.0,0.0,0.0,0.0,0.0,0.0,0.0,0.0,25.44
0.0,0.0,0.0,0.0,0.0,0.0,0.0,0.0,25.46
0.0,0.0,0.0,0.0,0.0,0.0,0.0,0.0,25.49
0.0,0.0,0.0,0.0,0.0,0.0,0.0,0.0,25.52
0.0,0.0,0.0,0.0,0.0,0.0,0.0,0.0,25.56
0.0,0.0,0.0,0.0,0.0,0.0,0.0,0.0,25.6
0.0,0.0,0.0,0.0,0.0,0.0,0.0,0.0,25.63
0.0,0.0,0.0,0.0,0.0,0.0,0.0,0.0,25.66
0.0,0.0,0.0,0.0,0.0,0.0,0.0,0.0,25.69
0.0,0.0,0.0,0.0,0.0,0.0,0.0,0.0,25.73
0.0,0.0,0.0,0.0,0.0,0.0,0.0,0.0,25.76
0.0,0.0,1.0,0.0,0.0,0.0,0.0,0.0,25.81
0.0,0.0,1.0,0.0,0.0,0.0,0.0,0.0,25.85
0.0,0.0,1.0,0.0,0.0,0.0,0.0,0.0,25.88
0.0,0.0,1.0,0.0,0.0,0.0,0.0,0.0,25.91
0.0,0.0,1.0,0.0,0.0,0.0,0.0,0.0,25.93
0.0,0.0,1.0,0.0,0.0,0.0,0.0,0.0,25.97
0.0,0.0,1.0,0.0,0.0,0.0,0.0,0.0,26.0
0.0,0.0,1.0,0.0,0.0,0.0,0.0,0.0,26.04
0.0,0.0,1.0,0.0,0.0,0.0,0.0,0.0,26.08
0.0,0.0,1.0,0.0,0.0,0.0,0.0,0.0,26.1
0.0,0.0,1.0,0.0,0.0,0.0,0.0,0.0,26.14
0.0,0.0,1.0,0.0,0.0,0.0,0.0,0.0,26.17
0.0,0.0,1.0,0.0,0.0,0.0,0.0,0.0,26.19
0.0,0.0,1.0,0.0,0.0,0.0,0.0,0.0,26.21
0.0,0.0,1.0,0.0,0.0,0.0,0.0,0.0,26.26
0.0,0.0,1.0,0.0,0.0,0.0,0.0,0.0,26.28
0.0,0.0,1.0,0.0,0.0,0.0,0.0,0.0,26.31
0.0,0.0,1.0,0.0,0.0,0.0,0.0,0.0,26.34
0.0,0.0,1.0,0.0,0.0,0.0,0.0,0.0,26.37
0.0,0.0,1.0,0.0,0.0,0.0,0.0,0.0,26.4
0.0,0.0,1.0,0.0,0.0,0.0,0.0,0.0,26.43
0.0,0.0,1.0,0.0,0.0,0.0,0.0,0.0,26.46
0.0,0.0,1.0,0.0,0.0,0.0,0.0,0.0,26.49
0.0,0.0,1.0,0.0,0.0,0.0,0.0,0.0,26.51
0.0,0.0,1.0,0.0,0.0,0.0,0.0,0.0,26.54
0.0,0.0,1.0,0.0,0.0,0.0,0.0,0.0,26.57
0.0,0.0,1.0,0.0,0.0,0.0,0.0,0.0,26.6
0.0,0.0,1.0,0.0,0.0,0.0,0.0,0.0,26.63
0.0,0.0,1.0,0.0,0.0,0.0,0.0,0.0,26.67
0.0,0.0,0.0,0.0,0.0,0.0,0.0,0.0,26.72
0.0,0.0,0.0,0.0,0.0,0.0,0.0,0.0,26.76
0.0,0.0,0.0,0.0,0.0,0.0,0.0,0.0,26.8
0.0,0.0,0.0,0.0,0.0,0.0,0.0,0.0,26.84
0.0,0.0,0.0,0.0,0.0,0.0,0.0,0.0,26.86
0.0,0.0,0.0,0.0,0.0,0.0,0.0,0.0,26.89
0.0,0.0,0.0,0.0,0.0,0.0,0.0,0.0,26.91
0.0,0.0,0.0,0.0,0.0,0.0,0.0,0.0,26.93
0.0,0.0,0.0,0.0,0.0,0.0,0.0,0.0,26.96
0.0,0.0,0.0,0.0,0.0,0.0,0.0,0.0,26.99
0.0,0.0,0.0,0.0,0.0,0.0,0.0,0.0,27.03
0.0,0.0,0.0,0.0,0.0,0.0,0.0,0.0,27.07
0.0,0.0,0.0,0.0,0.0,0.0,0.0,0.0,27.09
0.0,0.0,0.0,0.0,0.0,0.0,0.0,0.0,27.12
0.0,0.0,0.0,0.0,0.0,0.0,0.0,0.0,27.16
0.0,0.0,0.0,0.0,0.0,0.0,0.0,0.0,27.2
0.0,0.0,0.0,0.0,0.0,0.0,0.0,0.0,27.23
0.0,0.0,0.0,0.0,0.0,0.0,0.0,0.0,27.27
0.0,0.0,0.0,0.0,0.0,0.0,0.0,0.0,27.3
0.0,0.0,0.0,0.0,0.0,0.0,0.0,0.0,27.33
0.0,1.0,0.0,0.0,0.0,0.0,0.0,0.0,27.38
0.0,1.0,0.0,0.0,0.0,0.0,0.0,0.0,27.41
0.0,1.0,0.0,0.0,0.0,0.0,0.0,0.0,27.43
0.0,1.0,0.0,0.0,0.0,0.0,0.0,0.0,27.46
0.0,1.0,0.0,0.0,0.0,0.0,0.0,0.0,27.5
0.0,1.0,0.0,0.0,0.0,0.0,0.0,0.0,27.53
0.0,1.0,0.0,0.0,0.0,0.0,0.0,0.0,27.57
0.0,1.0,0.0,0.0,0.0,0.0,0.0,0.0,27.6
0.0,1.0,0.0,0.0,0.0,0.0,0.0,0.0,27.62
0.0,1.0,0.0,0.0,0.0,0.0,0.0,0.0,27.65
0.0,1.0,0.0,0.0,0.0,0.0,0.0,0.0,27.67
0.0,1.0,0.0,0.0,0.0,0.0,0.0,0.0,27.71
0.0,1.0,0.0,0.0,0.0,0.0,0.0,0.0,27.75
0.0,1.0,0.0,0.0,0.0,0.0,0.0,0.0,27.78
0.0,1.0,0.0,0.0,0.0,0.0,0.0,0.0,27.81
0.0,1.0,0.0,0.0,0.0,0.0,0.0,0.0,27.83
0.0,1.0,0.0,0.0,0.0,0.0,0.0,0.0,27.86
0.0,1.0,0.0,0.0,0.0,0.0,0.0,0.0,27.89
0.0,1.0,0.0,0.0,0.0,0.0,0.0,0.0,27.91
0.0,1.0,0.0,0.0,0.0,0.0,0.0,0.0,27.96
0.0,1.0,0.0,0.0,0.0,0.0,0.0,0.0,27.99
0.0,1.0,0.0,0.0,0.0,0.0,0.0,0.0,28.02
0.0,1.0,0.0,0.0,0.0,0.0,0.0,0.0,28.04
0.0,1.0,0.0,0.0,0.0,0.0,0.0,0.0,28.07
0.0,1.0,0.0,0.0,0.0,0.0,0.0,0.0,28.1
0.0,1.0,0.0,0.0,0.0,0.0,0.0,0.0,28.13
0.0,1.0,0.0,0.0,0.0,0.0,0.0,0.0,28.16
0.0,1.0,0.0,0.0,0.0,0.0,0.0,0.0,28.2
0.0,1.0,0.0,0.0,0.0,0.0,0.0,0.0,28.24
0.0,1.0,0.0,0.0,0.0,0.0,0.0,0.0,28.28
0.0,1.0,0.0,0.0,0.0,0.0,0.0,0.0,28.32
0.0,1.0,0.0,0.0,0.0,0.0,0.0,0.0,28.35
0.0,1.0,0.0,0.0,0.0,0.0,0.0,0.0,28.39
0.0,1.0,0.0,0.0,0.0,0.0,0.0,0.0,28.42
0.0,1.0,0.0,0.0,0.0,0.0,0.0,0.0,28.44
0.0,1.0,0.0,0.0,0.0,0.0,0.0,0.0,28.46
0.0,1.0,0.0,0.0,0.0,0.0,0.0,0.0,28.51
0.0,1.0,0.0,0.0,0.0,0.0,0.0,0.0,28.53
0.0,1.0,0.0,0.0,0.0,0.0,0.0,0.0,28.56
0.0,1.0,0.0,0.0,0.0,0.0,0.0,0.0,28.6
0.0,1.0,0.0,0.0,0.0,0.0,0.0,0.0,28.63
0.0,1.0,0.0,0.0,0.0,0.0,0.0,0.0,28.67
0.0,1.0,0.0,0.0,0.0,0.0,0.0,0.0,28.69
0.0,1.0,0.0,0.0,0.0,0.0,0.0,0.0,28.73
0.0,1.0,0.0,0.0,0.0,0.0,0.0,0.0,28.77
0.0,1.0,0.0,0.0,0.0,0.0,0.0,0.0,28.8
0.0,1.0,0.0,0.0,0.0,0.0,0.0,0.0,28.82
0.0,1.0,0.0,0.0,0.0,0.0,0.0,0.0,28.85
0.0,1.0,0.0,0.0,0.0,0.0,0.0,0.0,28.88
0.0,1.0,0.0,0.0,0.0,0.0,0.0,0.0,28.91
0.0,1.0,0.0,0.0,0.0,0.0,0.0,0.0,28.95
0.0,1.0,0.0,0.0,0.0,0.0,0.0,0.0,28.97
0.0,1.0,0.0,0.0,0.0,0.0,0.0,0.0,29.0
0.0,1.0,0.0,0.0,0.0,0.0,0.0,0.0,29.02
0.0,1.0,0.0,0.0,0.0,0.0,0.0,0.0,29.05
0.0,1.0,0.0,0.0,0.0,0.0,0.0,0.0,29.08
0.0,1.0,0.0,0.0,0.0,0.0,0.0,0.0,29.11
0.0,1.0,0.0,0.0,0.0,0.0,0.0,0.0,29.14
0.0,1.0,0.0,0.0,0.0,0.0,0.0,0.0,29.16
0.0,1.0,0.0,1.0,0.0,0.0,0.0,0.0,29.21
0.0,1.0,0.0,1.0,0.0,0.0,0.0,0.0,29.24
0.0,1.0,0.0,1.0,0.0,0.0,0.0,0.0,29.27
0.0,1.0,0.0,1.0,0.0,0.0,0.0,0.0,29.3
0.0,1.0,0.0,1.0,0.0,0.0,0.0,0.0,29.33
0.0,1.0,0.0,1.0,0.0,0.0,0.0,0.0,29.37
0.0,1.0,0.0,1.0,0.0,0.0,0.0,0.0,29.39
0.0,1.0,0.0,1.0,0.0,0.0,0.0,0.0,29.42
0.0,1.0,0.0,1.0,0.0,0.0,0.0,0.0,29.45
0.0,1.0,0.0,1.0,0.0,0.0,0.0,0.0,29.48
0.0,1.0,0.0,1.0,0.0,0.0,0.0,0.0,29.5
0.0,1.0,0.0,1.0,0.0,0.0,0.0,0.0,29.53
0.0,1.0,0.0,1.0,0.0,0.0,0.0,0.0,29.56
0.0,1.0,0.0,1.0,0.0,0.0,0.0,0.0,29.58
0.0,1.0,0.0,1.0,0.0,0.0,0.0,0.0,29.61
0.0,1.0,0.0,1.0,0.0,0.0,0.0,0.0,29.63
0.0,1.0,0.0,1.0,0.0,0.0,0.0,0.0,29.67
0.0,1.0,0.0,1.0,0.0,0.0,0.0,0.0,29.7
0.0,1.0,0.0,1.0,0.0,0.0,0.0,0.0,29.73
0.0,1.0,0.0,1.0,0.0,0.0,0.0,0.0,29.77
0.0,1.0,0.0,1.0,0.0,0.0,0.0,0.0,29.81
0.0,1.0,0.0,1.0,0.0,0.0,0.0,0.0,29.85
0.0,1.0,0.0,1.0,0.0,0.0,0.0,0.0,29.87
0.0,1.0,0.0,1.0,0.0,0.0,0.0,0.0,29.9
0.0,1.0,0.0,1.0,0.0,0.0,0.0,0.0,29.93
0.0,1.0,0.0,1.0,0.0,0.0,0.0,0.0,29.96
0.0,1.0,0.0,1.0,0.0,0.0,0.0,0.0,30.0
0.0,1.0,0.0,1.0,0.0,0.0,0.0,0.0,30.03
0.0,1.0,0.0,1.0,0.0,0.0,0.0,0.0,30.06
0.0,1.0,0.0,1.0,0.0,0.0,0.0,0.0,30.1
0.0,1.0,0.0,1.0,0.0,0.0,0.0,0.0,30.13
0.0,1.0,0.0,0.0,0.0,0.0,0.0,0.0,30.17
0.0,1.0,0.0,0.0,0.0,0.0,0.0,0.0,30.2
0.0,1.0,0.0,0.0,0.0,0.0,0.0,0.0,30.23
0.0,1.0,0.0,0.0,0.0,0.0,0.0,0.0,30.25
0.0,1.0,0.0,0.0,0.0,0.0,0.0,0.0,30.29
0.0,1.0,0.0,0.0,0.0,0.0,0.0,0.0,30.32
0.0,1.0,0.0,0.0,0.0,0.0,0.0,0.0,30.35
0.0,1.0,0.0,0.0,0.0,0.0,0.0,0.0,30.38
0.0,1.0,0.0,0.0,0.0,0.0,0.0,0.0,30.43
0.0,1.0,0.0,0.0,0.0,0.0,0.0,0.0,30.47
0.0,1.0,0.0,0.0,0.0,0.0,0.0,0.0,30.5
0.0,1.0,0.0,0.0,0.0,0.0,0.0,0.0,30.53
0.0,1.0,0.0,0.0,0.0,0.0,0.0,0.0,30.56
0.0,1.0,0.0,0.0,0.0,0.0,0.0,0.0,30.59
0.0,1.0,0.0,0.0,0.0,0.0,0.0,0.0,30.62
0.0,1.0,0.0,0.0,0.0,0.0,0.0,0.0,30.64
0.0,1.0,0.0,0.0,0.0,0.0,0.0,0.0,30.66
0.0,1.0,0.0,0.0,0.0,0.0,0.0,0.0,30.7
0.0,1.0,0.0,0.0,0.0,0.0,0.0,0.0,30.73
0.0,1.0,0.0,0.0,0.0,0.0,0.0,0.0,30.76
0.0,1.0,0.0,0.0,0.0,0.0,0.0,0.0,30.8
0.0,1.0,0.0,0.0,0.0,0.0,0.0,0.0,30.84
0.0,1.0,0.0,0.0,0.0,0.0,0.0,0.0,30.87
0.0,1.0,0.0,0.0,0.0,0.0,0.0,0.0,30.9
0.0,1.0,0.0,0.0,0.0,0.0,0.0,0.0,30.94
0.0,1.0,0.0,0.0,0.0,0.0,0.0,0.0,30.97
0.0,1.0,0.0,0.0,0.0,0.0,0.0,0.0,31.0
0.0,1.0,0.0,0.0,0.0,0.0,0.0,0.0,31.03
0.0,1.0,0.0,0.0,0.0,0.0,0.0,0.0,31.05
0.0,1.0,0.0,0.0,0.0,0.0,0.0,0.0,31.08
0.0,1.0,0.0,0.0,0.0,0.0,0.0,0.0,31.13
0.0,1.0,0.0,0.0,0.0,0.0,0.0,0.0,31.17
0.0,1.0,0.0,0.0,0.0,0.0,0.0,0.0,31.2
0.0,1.0,0.0,0.0,0.0,0.0,0.0,0.0,31.23
0.0,1.0,0.0,0.0,0.0,0.0,0.0,0.0,31.26
0.0,1.0,0.0,0.0,0.0,0.0,0.0,0.0,31.29
0.0,1.0,0.0,0.0,0.0,0.0,0.0,0.0,31.32
0.0,1.0,0.0,0.0,0.0,0.0,0.0,0.0,31.34
0.0,1.0,0.0,0.0,0.0,0.0,0.0,0.0,31.38
0.0,1.0,0.0,0.0,0.0,0.0,0.0,0.0,31.43
0.0,1.0,0.0,0.0,0.0,0.0,0.0,0.0,31.46
0.0,1.0,0.0,0.0,0.0,0.0,0.0,0.0,31.51
0.0,1.0,0.0,0.0,0.0,0.0,0.0,0.0,31.55
0.0,1.0,0.0,0.0,0.0,0.0,0.0,0.0,31.57
0.0,1.0,0.0,0.0,0.0,0.0,0.0,0.0,31.61
0.0,1.0,0.0,0.0,0.0,0.0,0.0,0.0,31.65
0.0,1.0,0.0,0.0,0.0,0.0,0.0,0.0,31.68
0.0,1.0,0.0,0.0,0.0,0.0,0.0,0.0,31.72
0.0,1.0,0.0,0.0,0.0,0.0,0.0,0.0,31.75
0.0,1.0,0.0,0.0,0.0,0.0,0.0,0.0,31.79
0.0,1.0,0.0,0.0,0.0,0.0,0.0,0.0,31.83
0.0,1.0,0.0,0.0,0.0,0.0,0.0,0.0,31.87
0.0,1.0,0.0,0.0,0.0,0.0,0.0,0.0,31.92
0.0,1.0,0.0,0.0,0.0,0.0,0.0,0.0,31.95
0.0,1.0,0.0,0.0,0.0,0.0,0.0,0.0,31.97
0.0,1.0,0.0,0.0,0.0,0.0,0.0,0.0,32.0
0.0,1.0,0.0,0.0,0.0,0.0,0.0,0.0,32.04
0.0,1.0,0.0,0.0,0.0,0.0,0.0,0.0,32.06
0.0,1.0,0.0,0.0,0.0,0.0,0.0,0.0,32.11
0.0,1.0,0.0,0.0,0.0,0.0,0.0,0.0,32.14
0.0,1.0,0.0,0.0,0.0,0.0,0.0,0.0,32.18
0.0,1.0,0.0,0.0,0.0,0.0,0.0,0.0,32.22
0.0,1.0,0.0,0.0,0.0,0.0,0.0,0.0,32.24
