0.0,0.0,0.0,0.0,0.0,0.0,0.0,0.0,0.03
0.0,0.0,0.0,0.0,0.0,0.0,0.0,0.0,0.14
0.0,0.0,0.0,0.0,0.0,0.0,0.0,0.0,0.26
0.0,0.0,0.0,0.0,0.0,0.0,0.0,0.0,0.37
0.0,0.0,0.0,0.0,0.0,0.0,0.0,0.0,0.49
0.0,0.0,0.0,0.0,0.0,0.0,0.0,0.0,0.6
0.0,0.0,0.0,0.0,0.0,0.0,0.0,0.0,0.71
0.0,0.0,0.0,0.0,0.0,0.0,0.0,0.0,0.82
0.0,0.0,0.0,0.0,0.0,0.0,0.0,0.0,0.94
0.0,0.0,0.0,0.0,0.0,0.0,0.0,0.0,1.05
0.0,0.0,0.0,0.0,0.0,0.0,0.0,0.0,1.16
0.0,0.0,0.0,0.0,0.0,0.0,0.0,0.0,1.27
0.0,0.0,0.0,0.0,0.0,0.0,0.0,0.0,1.38
0.0,0.0,0.0,0.0,0.0,0.0,0.0,0.0,1.49
0.0,0.0,0.0,0.0,0.0,0.0,0.0,0.0,1.6
0.0,0.0,0.0,0.0,0.0,0.0,0.0,0.0,1.71
0.0,0.0,0.0,0.0,0.0,0.0,0.0,0.0,1.83
0.0,0.0,0.0,0.0,0.0,0.0,0.0,0.0,1.94
0.0,0.0,0.0,0.0,0.0,0.0,0.0,0.0,2.05
0.0,0.0,0.0,0.0,0.0,0.0,0.0,0.0,2.17
0.0,0.0,0.0,0.0,0.0,0.0,0.0,0.0,2.28
0.0,0.0,0.0,0.0,0.0,0.0,0.0,0.0,2.39
0.0,0.0,0.0,0.0,0.0,0.0,0.0,0.0,2.5
0.0,0.0,0.0,0.0,0.0,0.0,0.0,0.0,2.62
0.0,0.0,0.0,0.0,0.0,0.0,0.0,0.0,2.73
0.0,0.0,0.0,0.0,0.0,0.0,0.0,0.0,2.85
0.0,0.0,0.0,0.0,0.0,0.0,0.0,0.0,2.96
0.0,0.0,0.0,0.0,0.0,0.0,0.0,0.0,3.07
0.0,0.0,0.0,0.0,0.0,0.0,0.0,0.0,3.18
0.0,0.0,0.0,0.0,0.0,0.0,0.0,0.0,3.29
0.0,0.0,0.0,0.0,0.0,0.0,0.0,0.0,3.4
0.0,0.0,0.0,0.0,0.0,0.0,0.0,0.0,3.53
0.0,0.0,0.0,0.0,0.0,0.0,1.0,0.0,3.64
0.0,0.0,0.0,0.0,0.0,0.0,1.0,0.0,3.76
0.0,0.0,0.0,0.0,0.0,0.0,1.0,0.0,3.87
0.0,0.0,0.0,0.0,0.0,0.0,1.0,0.0,3.98
0.0,0.0,0.0,0.0,0.0,0.0,1.0,0.0,4.1
0.0,0.0,0.0,0.0,0.0,0.0,1.0,0.0,4.21
0.0,0.0,0.0,0.0,0.0,0.0,1.0,0.0,4.32
0.0,0.0,0.0,0.0,0.0,0.0,1.0,0.0,4.44
0.0,0.0,0.0,0.0,0.0,0.0,1.0,0.0,4.55
0.0,0.0,0.0,0.0,0.0,0.0,1.0,0.0,4.66
0.0,0.0,0.0,0.0,0.0,0.0,1.0,0.0,4.78
0.0,0.0,0.0,0.0,0.0,0.0,1.0,0.0,4.89
0.0,0.0,0.0,0.0,0.0,0.0,1.0,0.0,5.0
0.0,0.0,0.0,0.0,0.0,0.0,1.0,0.0,5.11
0.0,0.0,0.0,0.0,0.0,0.0,1.0,0.0,5.22
0.0,0.0,0.0,0.0,0.0,0.0,1.0,0.0,5.34
0.0,0.0,0.0,0.0,0.0,0.0,1.0,0.0,5.45
0.0,0.0,0.0,0.0,0.0,0.0,1.0,0.0,5.56
0.0,0.0,0.0,0.0,0.0,0.0,1.0,0.0,5.67
0.0,0.0,0.0,0.0,0.0,0.0,1.0,0.0,5.79
0.0,0.0,0.0,0.0,0.0,0.0,1.0,0.0,5.9
0.0,0.0,0.0,0.0,0.0,0.0,1.0,0.0,6.01
0.0,0.0,0.0,0.0,0.0,0.0,1.0,0.0,6.12
0.0,0.0,0.0,0.0,0.0,0.0,1.0,0.0,6.23
0.0,0.0,0.0,0.0,0.0,0.0,1.0,0.0,6.35
0.0,0.0,0.0,0.0,0.0,0.0,1.0,0.0,6.46
0.0,0.0,0.0,0.0,0.0,0.0,1.0,0.0,6.57
0.0,0.0,0.0,0.0,0.0,0.0,1.0,0.0,6.68
0.0,0.0,0.0,0.0,0.0,0.0,1.0,0.0,6.79
0.0,0.0,0.0,0.0,0.0,0.0,1.0,0.0,6.9
0.0,0.0,0.0,0.0,0.0,0.0,1.0,0.0,7.01
0.0,0.0,0.0,0.0,0.0,0.0,1.0,0.0,7.12
0.0,0.0,0.0,0.0,0.0,0.0,1.0,0.0,7.23
0.0,0.0,0.0,0.0,0.0,0.0,1.0,0.0,7.35
0.0,0.0,0.0,0.0,0.0,0.0,1.0,0.0,7.46
0.0,0.0,0.0,0.0,0.0,0.0,1.0,0.0,7.57
0.0,0.0,0.0,0.0,0.0,0.0,1.0,0.0,7.68
0.0,0.0,0.0,0.0,0.0,0.0,1.0,0.0,7.79
0.0,0.0,0.0,0.0,0.0,0.0,1.0,0.0,7.9
0.0,0.0,0.0,0.0,0.0,0.0,1.0,0.0,8.01
0.0,0.0,0.0,0.0,0.0,0.0,1.0,0.0,8.13
0.0,0.0,0.0,0.0,0.0,0.0,1.0,0.0,8.24
0.0,0.0,0.0,0.0,0.0,0.0,1.0,0.0,8.35
0.0,0.0,0.0,0.0,0.0,0.0,1.0,0.0,8.46
0.0,0.0,0.0,0.0,0.0,0.0,1.0,0.0,8.58
0.0,0.0,0.0,0.0,0.0,0.0,1.0,0.0,8.69
0.0,0.0,0.0,0.0,0.0,0.0,1.0,0.0,8.8
0.0,0.0,0.0,0.0,0.0,0.0,1.0,0.0,8.91
0.0,0.0,0.0,0.0,0.0,0.0,1.0,0.0,9.02
0.0,0.0,0.0,0.0,0.0,0.0,1.0,0.0,9.13
0.0,0.0,0.0,0.0,0.0,0.0,1.0,0.0,9.24
0.0,0.0,0.0,0.0,0.0,0.0,1.0,0.0,9.35
0.0,0.0,0.0,0.0,0.0,0.0,1.0,0.0,9.46
0.0,0.0,0.0,0.0,0.0,0.0,1.0,0.0,9.58
0.0,0.0,0.0,0.0,0.0,0.0,1.0,0.0,9.69
0.0,0.0,0.0,0.0,0.0,0.0,1.0,0.0,9.81
0.0,0.0,0.0,0.0,0.0,0.0,1.0,0.0,9.92
0.0,0.0,0.0,0.0,0.0,0.0,1.0,0.0,10.03
0.0,0.0,0.0,0.0,0.0,0.0,1.0,0.0,10.14
0.0,0.0,0.0,0.0,0.0,0.0,1.0,0.0,10.25
0.0,0.0,0.0,0.0,0.0,0.0,1.0,0.0,10.37
0.0,0.0,0.0,0.0,0.0,0.0,1.0,0.0,10.48
0.0,0.0,0.0,0.0,0.0,0.0,1.0,0.0,10.59
0.0,0.0,0.0,0.0,0.0,0.0,1.0,0.0,10.71
0.0,0.0,0.0,0.0,0.0,0.0,1.0,0.0,10.82
0.0,0.0,0.0,0.0,0.0,0.0,1.0,0.0,10.93
0.0,0.0,0.0,0.0,0.0,0.0,1.0,0.0,11.05
0.0,0.0,0.0,0.0,0.0,0.0,1.0,0.0,11.16
0.0,0.0,0.0,0.0,0.0,0.0,1.0,0.0,11.27
0.0,0.0,0.0,0.0,0.0,0.0,1.0,0.0,11.38
0.0,0.0,0.0,0.0,0.0,0.0,1.0,0.0,11.49
0.0,0.0,0.0,0.0,0.0,0.0,1.0,0.0,11.61
0.0,0.0,0.0,0.0,0.0,0.0,1.0,0.0,11.72
0.0,0.0,0.0,0.0,0.0,0.0,1.0,0.0,11.83
0.0,0.0,0.0,0.0,0.0,0.0,1.0,0.0,11.94
0.0,0.0,0.0,0.0,0.0,0.0,1.0,0.0,12.05
0.0,0.0,0.0,0.0,0.0,0.0,1.0,0.0,12.16
0.0,0.0,0.0,0.0,0.0,0.0,1.0,0.0,12.28
0.0,0.0,0.0,0.0,0.0,0.0,1.0,0.0,12.39
0.0,0.0,0.0,0.0,0.0,0.0,1.0,0.0,12.5
0.0,0.0,0.0,0.0,0.0,0.0,1.0,0.0,12.61
0.0,0.0,0.0,0.0,0.0,0.0,1.0,0.0,12.72
0.0,0.0,0.0,0.0,0.0,0.0,1.0,0.0,12.83
0.0,0.0,0.0,0.0,0.0,0.0,1.0,0.0,12.94
0.0,0.0,0.0,0.0,0.0,0.0,1.0,0.0,13.05
0.0,0.0,0.0,0.0,0.0,0.0,1.0,0.0,13.16
0.0,0.0,0.0,0.0,0.0,0.0,1.0,0.0,13.27
0.0,0.0,0.0,0.0,0.0,0.0,1.0,0.0,13.38
0.0,0.0,0.0,0.0,0.0,0.0,1.0,0.0,13.5
0.0,0.0,0.0,0.0,0.0,0.0,1.0,0.0,13.61
0.0,0.0,0.0,0.0,0.0,0.0,1.0,0.0,13.72
0.0,0.0,0.0,0.0,0.0,0.0,1.0,0.0,13.83
0.0,0.0,0.0,0.0,0.0,0.0,1.0,0.0,13.94
0.0,0.0,0.0,0.0,0.0,0.0,1.0,0.0,14.05
0.0,0.0,0.0,0.0,0.0,0.0,1.0,0.0,14.16
0.0,0.0,0.0,0.0,0.0,0.0,1.0,0.0,14.27
0.0,0.0,0.0,0.0,0.0,0.0,1.0,0.0,14.38
0.0,0.0,0.0,0.0,0.0,0.0,1.0,0.0,14.5
0.0,0.0,0.0,0.0,0.0,0.0,1.0,0.0,14.61
0.0,0.0,0.0,0.0,0.0,0.0,1.0,0.0,14.72
0.0,0.0,0.0,0.0,0.0,0.0,1.0,0.0,14.84
0.0,0.0,0.0,0.0,0.0,0.0,1.0,0.0,14.95
0.0,0.0,0.0,0.0,0.0,0.0,1.0,0.0,15.06
0.0,0.0,0.0,0.0,0.0,0.0,1.0,0.0,15.17
0.0,0.0,0.0,0.0,0.0,0.0,1.0,0.0,15.29
0.0,0.0,0.0,0.0,0.0,0.0,1.0,0.0,15.4
0.0,0.0,0.0,0.0,0.0,0.0,1.0,0.0,15.51
0.0,0.0,0.0,0.0,0.0,0.0,1.0,0.0,15.62
0.0,0.0,0.0,0.0,0.0,0.0,1.0,0.0,15.73
0.0,0.0,0.0,0.0,0.0,0.0,1.0,0.0,15.85
0.0,0.0,0.0,0.0,0.0,0.0,1.0,0.0,15.96
0.0,0.0,0.0,0.0,0.0,0.0,1.0,0.0,16.07
0.0,0.0,0.0,0.0,0.0,0.0,1.0,0.0,16.18
0.0,0.0,0.0,0.0,0.0,0.0,1.0,0.0,16.29
0.0,0.0,0.0,0.0,0.0,0.0,1.0,0.0,16.4
0.0,0.0,0.0,0.0,0.0,0.0,1.0,0.0,16.51
0.0,0.0,0.0,0.0,0.0,0.0,1.0,0.0,16.63
0.0,0.0,0.0,0.0,0.0,0.0,1.0,0.0,16.74
0.0,0.0,0.0,0.0,0.0,0.0,1.0,0.0,16.85
0.0,0.0,0.0,0.0,0.0,0.0,1.0,0.0,16.97
0.0,0.0,0.0,0.0,0.0,0.0,1.0,0.0,17.08
0.0,0.0,0.0,0.0,0.0,0.0,1.0,0.0,17.19
0.0,0.0,0.0,0.0,0.0,0.0,1.0,0.0,17.3
0.0,0.0,0.0,0.0,0.0,0.0,1.0,0.0,17.42
0.0,0.0,0.0,0.0,0.0,0.0,1.0,0.0,17.53
0.0,0.0,0.0,0.0,0.0,0.0,1.0,0.0,17.64
0.0,0.0,0.0,0.0,0.0,0.0,1.0,0.0,17.75
0.0,0.0,0.0,0.0,0.0,0.0,1.0,0.0,17.86
0.0,0.0,0.0,0.0,0.0,0.0,1.0,0.0,17.98
0.0,0.0,0.0,0.0,0.0,0.0,1.0,0.0,18.09
0.0,0.0,0.0,0.0,0.0,0.0,1.0,0.0,18.2
0.0,0.0,0.0,0.0,0.0,0.0,1.0,0.0,18.32
0.0,0.0,0.0,0.0,0.0,0.0,1.0,0.0,18.43
0.0,0.0,0.0,0.0,0.0,0.0,1.0,0.0,18.54
0.0,0.0,0.0,0.0,0.0,0.0,1.0,0.0,18.65
0.0,0.0,0.0,0.0,0.0,0.0,1.0,0.0,18.76
0.0,0.0,0.0,0.0,0.0,0.0,1.0,0.0,18.89
0.0,0.0,0.0,0.0,0.0,0.0,1.0,0.0,19.0
0.0,0.0,0.0,0.0,0.0,0.0,1.0,0.0,19.11
0.0,0.0,0.0,0.0,0.0,0.0,1.0,0.0,19.23
0.0,0.0,0.0,0.0,0.0,0.0,1.0,0.0,19.34
0.0,0.0,0.0,0.0,0.0,0.0,1.0,0.0,19.46
0.0,0.0,0.0,0.0,0.0,0.0,1.0,0.0,19.57
0.0,0.0,0.0,0.0,0.0,0.0,1.0,0.0,19.69
0.0,0.0,0.0,0.0,0.0,0.0,1.0,0.0,19.8
0.0,0.0,0.0,0.0,0.0,0.0,1.0,0.0,19.91
0.0,0.0,0.0,0.0,0.0,0.0,1.0,0.0,20.02
0.0,0.0,0.0,0.0,0.0,0.0,1.0,0.0,20.13
0.0,0.0,0.0,0.0,0.0,0.0,1.0,0.0,20.25
0.0,0.0,0.0,0.0,0.0,0.0,1.0,0.0,20.37
0.0,0.0,0.0,0.0,0.0,0.0,1.0,0.0,20.48
0.0,0.0,0.0,0.0,0.0,0.0,1.0,0.0,20.59
0.0,0.0,0.0,0.0,0.0,0.0,1.0,0.0,20.7
0.0,0.0,0.0,0.0,0.0,0.0,1.0,0.0,20.82
0.0,0.0,0.0,0.0,0.0,0.0,1.0,0.0,20.93
0.0,0.0,0.0,0.0,0.0,0.0,1.0,0.0,21.04
0.0,0.0,0.0,0.0,0.0,0.0,1.0,0.0,21.16
0.0,0.0,0.0,0.0,0.0,0.0,1.0,0.0,21.27
0.0,0.0,0.0,0.0,0.0,0.0,1.0,0.0,21.38
0.0,0.0,0.0,0.0,0.0,0.0,1.0,0.0,21.5
0.0,0.0,0.0,0.0,0.0,0.0,1.0,0.0,21.61
0.0,0.0,0.0,0.0,0.0,0.0,1.0,0.0,21.72
0.0,0.0,0.0,0.0,0.0,0.0,1.0,0.0,21.83
0.0,0.0,0.0,0.0,0.0,0.0,1.0,0.0,21.95
0.0,0.0,0.0,0.0,0.0,0.0,1.0,0.0,22.06
0.0,0.0,0.0,0.0,0.0,0.0,1.0,0.0,22.17
0.0,0.0,0.0,0.0,0.0,0.0,1.0,0.0,22.28
0.0,0.0,0.0,0.0,0.0,0.0,1.0,0.0,22.39
0.0,0.0,0.0,0.0,0.0,0.0,1.0,0.0,22.51
0.0,0.0,0.0,0.0,0.0,0.0,1.0,0.0,22.62
0.0,0.0,0.0,0.0,0.0,0.0,1.0,0.0,22.74
0.0,0.0,0.0,0.0,0.0,0.0,1.0,0.0,22.85
0.0,0.0,0.0,0.0,0.0,0.0,1.0,0.0,22.97
0.0,0.0,0.0,0.0,0.0,0.0,1.0,0.0,23.08
0.0,0.0,0.0,0.0,0.0,0.0,1.0,0.0,23.19
0.0,0.0,0.0,0.0,0.0,0.0,1.0,0.0,23.3
0.0,0.0,0.0,0.0,0.0,0.0,1.0,0.0,23.42
0.0,0.0,0.0,0.0,0.0,0.0,1.0,0.0,23.53
0.0,0.0,0.0,0.0,0.0,0.0,1.0,0.0,23.64
0.0,0.0,0.0,0.0,0.0,0.0,1.0,0.0,23.76
0.0,0.0,0.0,0.0,0.0,0.0,1.0,0.0,23.86
0.0,0.0,0.0,0.0,0.0,0.0,1.0,0.0,23.98
0.0,0.0,0.0,0.0,0.0,0.0,1.0,0.0,24.09
0.0,0.0,0.0,0.0,0.0,0.0,1.0,0.0,24.21
0.0,0.0,0.0,0.0,0.0,0.0,1.0,0.0,24.32
0.0,0.0,0.0,0.0,0.0,0.0,1.0,0.0,24.44
0.0,0.0,0.0,0.0,0.0,0.0,1.0,0.0,24.55
0.0,0.0,0.0,0.0,0.0,0.0,1.0,0.0,24.66
0.0,0.0,0.0,0.0,0.0,0.0,1.0,0.0,24.77
0.0,0.0,0.0,0.0,0.0,0.0,1.0,0.0,24.88
0.0,0.0,0.0,0.0,0.0,0.0,1.0,0.0,25.0
0.0,0.0,0.0,0.0,0.0,0.0,1.0,0.0,25.11
0.0,0.0,0.0,0.0,0.0,0.0,1.0,0.0,25.22
0.0,0.0,0.0,0.0,0.0,0.0,1.0,0.0,25.34
0.0,0.0,0.0,0.0,0.0,0.0,1.0,0.0,25.45
0.0,0.0,0.0,0.0,0.0,0.0,1.0,0.0,25.56
0.0,0.0,0.0,0.0,0.0,0.0,1.0,0.0,25.68
0.0,0.0,0.0,0.0,0.0,0.0,1.0,0.0,25.79
0.0,0.0,0.0,0.0,0.0,0.0,1.0,0.0,25.9
0.0,0.0,0.0,0.0,0.0,0.0,1.0,0.0,26.01
0.0,0.0,0.0,0.0,0.0,0.0,1.0,0.0,26.12
0.0,0.0,0.0,0.0,0.0,0.0,1.0,0.0,26.23
0.0,0.0,0.0,0.0,0.0,0.0,1.0,0.0,26.34
0.0,0.0,0.0,0.0,0.0,0.0,1.0,0.0,26.46
0.0,0.0,0.0,0.0,0.0,0.0,1.0,0.0,26.57
0.0,0.0,0.0,0.0,0.0,0.0,1.0,0.0,26.69
0.0,0.0,0.0,0.0,0.0,0.0,1.0,0.0,26.79
0.0,0.0,0.0,0.0,0.0,0.0,1.0,0.0,26.91
0.0,0.0,0.0,0.0,0.0,0.0,1.0,0.0,27.02
0.0,0.0,0.0,0.0,0.0,0.0,1.0,0.0,27.13
0.0,0.0,0.0,0.0,0.0,0.0,1.0,0.0,27.24
0.0,0.0,0.0,0.0,0.0,0.0,1.0,0.0,27.36
0.0,0.0,0.0,0.0,0.0,0.0,1.0,0.0,27.47
0.0,0.0,0.0,0.0,0.0,0.0,1.0,0.0,27.58
0.0,0.0,0.0,0.0,0.0,0.0,1.0,0.0,27.7
0.0,0.0,0.0,0.0,0.0,0.0,1.0,0.0,27.81
0.0,0.0,0.0,0.0,0.0,0.0,1.0,0.0,27.93
0.0,0.0,0.0,0.0,0.0,0.0,1.0,0.0,28.04
0.0,0.0,0.0,0.0,0.0,0.0,1.0,0.0,28.15
0.0,0.0,0.0,0.0,0.0,0.0,1.0,0.0,28.26
0.0,0.0,0.0,0.0,0.0,0.0,1.0,0.0,28.38
0.0,0.0,0.0,0.0,0.0,0.0,1.0,0.0,28.49
0.0,0.0,0.0,0.0,0.0,0.0,1.0,0.0,28.6
0.0,0.0,0.0,0.0,0.0,0.0,1.0,0.0,28.72
0.0,0.0,0.0,0.0,0.0,0.0,1.0,0.0,28.83
0.0,0.0,0.0,0.0,0.0,0.0,1.0,0.0,28.94
0.0,0.0,0.0,0.0,0.0,0.0,1.0,0.0,29.05
0.0,0.0,0.0,0.0,0.0,0.0,1.0,0.0,29.17
0.0,0.0,0.0,0.0,0.0,0.0,1.0,0.0,29.28
0.0,0.0,0.0,0.0,0.0,0.0,1.0,0.0,29.39
0.0,0.0,0.0,0.0,0.0,0.0,1.0,0.0,29.51
0.0,0.0,0.0,0.0,0.0,0.0,1.0,0.0,29.62
0.0,0.0,0.0,0.0,0.0,0.0,1.0,0.0,29.72
0.0,0.0,0.0,0.0,0.0,0.0,1.0,0.0,29.84
0.0,0.0,0.0,0.0,0.0,0.0,1.0,0.0,29.95
0.0,0.0,0.0,0.0,0.0,0.0,1.0,0.0,30.06
0.0,0.0,0.0,0.0,0.0,0.0,1.0,0.0,30.18
0.0,0.0,0.0,0.0,0.0,0.0,1.0,0.0,30.29
0.0,0.0,0.0,0.0,0.0,0.0,1.0,0.0,30.4
0.0,0.0,0.0,0.0,0.0,0.0,1.0,0.0,30.51
0.0,0.0,0.0,0.0,0.0,0.0,1.0,0.0,30.62
0.0,0.0,0.0,0.0,0.0,0.0,1.0,0.0,30.73
0.0,0.0,0.0,0.0,0.0,0.0,1.0,0.0,30.84
0.0,0.0,0.0,0.0,0.0,0.0,1.0,0.0,30.96
0.0,0.0,0.0,0.0,0.0,0.0,1.0,0.0,31.08
0.0,0.0,0.0,0.0,0.0,0.0,1.0,0.0,31.2
0.0,0.0,0.0,0.0,0.0,0.0,1.0,0.0,31.31
0.0,0.0,0.0,0.0,0.0,0.0,1.0,0.0,31.43
0.0,0.0,0.0,0.0,0.0,0.0,1.0,0.0,31.54
0.0,0.0,0.0,0.0,0.0,0.0,1.0,0.0,31.65
0.0,0.0,0.0,0.0,0.0,0.0,1.0,0.0,31.76
0.0,0.0,0.0,0.0,0.0,0.0,1.0,0.0,31.87
0.0,0.0,0.0,0.0,0.0,0.0,1.0,0.0,31.99
0.0,0.0,0.0,0.0,0.0,0.0,1.0,0.0,32.1
0.0,0.0,0.0,0.0,0.0,0.0,1.0,0.0,32.21
0.0,0.0,0.0,0.0,0.0,0.0,1.0,0.0,32.31
0.0,0.0,0.0,0.0,0.0,0.0,1.0,0.0,32.42
0.0,0.0,0.0,0.0,0.0,0.0,1.0,0.0,32.53
0.0,0.0,0.0,0.0,0.0,0.0,1.0,0.0,32.64
0.0,0.0,0.0,0.0,0.0,0.0,1.0,0.0,32.76
0.0,0.0,0.0,0.0,0.0,0.0,1.0,0.0,32.87
0.0,0.0,0.0,0.0,0.0,0.0,1.0,0.0,32.97
0.0,0.0,0.0,0.0,0.0,0.0,1.0,0.0,33.08
0.0,0.0,0.0,0.0,0.0,0.0,1.0,0.0,33.19
0.0,0.0,0.0,0.0,0.0,0.0,1.0,0.0,33.31
0.0,0.0,0.0,0.0,0.0,0.0,1.0,0.0,33.43
0.0,0.0,0.0,0.0,0.0,0.0,1.0,0.0,33.54
0.0,0.0,0.0,0.0,0.0,0.0,1.0,0.0,33.65
0.0,0.0,0.0,0.0,0.0,0.0,1.0,0.0,33.76
0.0,0.0,0.0,0.0,0.0,0.0,1.0,0.0,33.87
0.0,0.0,0.0,0.0,0.0,0.0,1.0,0.0,33.98
0.0,0.0,0.0,0.0,0.0,0.0,1.0,0.0,34.09
0.0,0.0,0.0,0.0,0.0,0.0,1.0,0.0,34.2
0.0,0.0,0.0,0.0,0.0,0.0,1.0,0.0,34.31
0.0,0.0,0.0,0.0,0.0,0.0,1.0,0.0,34.42
0.0,0.0,0.0,0.0,0.0,0.0,1.0,0.0,34.53
0.0,0.0,0.0,0.0,0.0,0.0,1.0,0.0,34.64
0.0,0.0,0.0,0.0,0.0,0.0,1.0,0.0,34.75
0.0,0.0,0.0,0.0,0.0,0.0,1.0,0.0,34.86
0.0,0.0,0.0,0.0,0.0,0.0,1.0,0.0,34.97
0.0,0.0,0.0,0.0,0.0,0.0,1.0,0.0,35.08
0.0,0.0,0.0,0.0,0.0,0.0,1.0,0.0,35.19
0.0,0.0,0.0,0.0,0.0,0.0,1.0,0.0,35.31
0.0,0.0,0.0,0.0,0.0,0.0,1.0,0.0,35.43
0.0,0.0,0.0,0.0,0.0,0.0,1.0,0.0,35.54
0.0,0.0,0.0,0.0,0.0,0.0,1.0,0.0,35.65
0.0,0.0,0.0,0.0,0.0,0.0,1.0,0.0,35.76
0.0,0.0,0.0,0.0,0.0,0.0,1.0,0.0,35.87
0.0,0.0,0.0,0.0,0.0,0.0,1.0,0.0,35.98
0.0,0.0,0.0,0.0,0.0,0.0,1.0,0.0,36.09
0.0,0.0,0.0,0.0,0.0,0.0,1.0,0.0,36.21
0.0,0.0,0.0,0.0,0.0,0.0,1.0,0.0,36.32
0.0,0.0,0.0,0.0,0.0,0.0,1.0,0.0,36.43
0.0,0.0,0.0,0.0,0.0,0.0,1.0,0.0,36.54
0.0,0.0,0.0,0.0,0.0,0.0,1.0,0.0,36.65
0.0,0.0,0.0,0.0,0.0,0.0,1.0,0.0,36.76
0.0,0.0,0.0,0.0,0.0,0.0,1.0,0.0,36.87
0.0,0.0,0.0,0.0,0.0,0.0,1.0,0.0,36.98
0.0,0.0,0.0,0.0,0.0,0.0,1.0,0.0,37.1
0.0,0.0,0.0,0.0,0.0,0.0,1.0,0.0,37.21
0.0,0.0,0.0,0.0,0.0,0.0,1.0,0.0,37.32
0.0,0.0,0.0,0.0,0.0,0.0,1.0,0.0,37.43
0.0,0.0,0.0,0.0,0.0,0.0,1.0,0.0,37.54
0.0,0.0,0.0,0.0,0.0,0.0,1.0,0.0,37.65
0.0,0.0,0.0,0.0,0.0,0.0,1.0,0.0,37.76
0.0,0.0,0.0,0.0,0.0,0.0,1.0,0.0,37.87
0.0,0.0,0.0,0.0,0.0,0.0,1.0,0.0,37.98
0.0,0.0,0.0,0.0,0.0,0.0,1.0,0.0,38.09
0.0,0.0,0.0,0.0,0.0,0.0,1.0,0.0,38.2
0.0,0.0,0.0,0.0,0.0,0.0,1.0,0.0,38.31
0.0,0.0,0.0,0.0,0.0,0.0,1.0,0.0,38.43
0.0,0.0,0.0,0.0,0.0,0.0,1.0,0.0,38.54
0.0,0.0,0.0,0.0,0.0,0.0,1.0,0.0,38.65
0.0,0.0,0.0,0.0,0.0,0.0,1.0,0.0,38.76
0.0,0.0,0.0,0.0,0.0,0.0,1.0,0.0,38.87
0.0,0.0,0.0,0.0,0.0,0.0,1.0,0.0,38.98
0.0,0.0,0.0,0.0,0.0,0.0,1.0,0.0,39.09
0.0,0.0,0.0,0.0,0.0,0.0,1.0,0.0,39.21
0.0,0.0,0.0,0.0,0.0,0.0,1.0,0.0,39.31
0.0,0.0,0.0,0.0,0.0,0.0,1.0,0.0,39.43
0.0,0.0,0.0,0.0,0.0,0.0,1.0,0.0,39.54
0.0,0.0,0.0,0.0,0.0,0.0,1.0,0.0,39.65
0.0,0.0,0.0,0.0,0.0,0.0,1.0,0.0,39.76
0.0,0.0,0.0,0.0,0.0,0.0,1.0,0.0,39.87
0.0,0.0,0.0,0.0,0.0,0.0,1.0,0.0,39.98
0.0,0.0,0.0,0.0,0.0,0.0,1.0,0.0,40.09
0.0,0.0,0.0,0.0,0.0,0.0,1.0,0.0,40.2
0.0,0.0,0.0,0.0,0.0,0.0,1.0,0.0,40.32
0.0,0.0,0.0,0.0,0.0,0.0,1.0,0.0,40.43
0.0,0.0,0.0,0.0,0.0,0.0,1.0,0.0,40.55
0.0,0.0,0.0,0.0,0.0,0.0,1.0,0.0,40.66
0.0,0.0,0.0,0.0,0.0,0.0,1.0,0.0,40.77
0.0,0.0,0.0,0.0,0.0,0.0,1.0,0.0,40.88
0.0,0.0,0.0,0.0,0.0,0.0,1.0,0.0,40.99
0.0,0.0,0.0,0.0,0.0,0.0,1.0,0.0,41.1
0.0,0.0,0.0,0.0,0.0,0.0,1.0,0.0,41.22
0.0,0.0,0.0,0.0,0.0,0.0,1.0,0.0,41.33
0.0,0.0,0.0,0.0,0.0,0.0,1.0,0.0,41.44
0.0,0.0,0.0,0.0,0.0,0.0,1.0,0.0,41.55
0.0,0.0,0.0,0.0,0.0,0.0,1.0,0.0,41.67
0.0,0.0,0.0,0.0,0.0,0.0,1.0,0.0,41.78
0.0,0.0,0.0,0.0,0.0,0.0,1.0,0.0,41.89
0.0,0.0,0.0,0.0,0.0,0.0,1.0,0.0,42.0
0.0,0.0,0.0,0.0,0.0,0.0,1.0,0.0,42.12
0.0,0.0,0.0,0.0,0.0,0.0,1.0,0.0,42.23
0.0,0.0,0.0,0.0,0.0,0.0,1.0,0.0,42.34
0.0,0.0,0.0,0.0,0.0,0.0,1.0,0.0,42.45
0.0,0.0,0.0,0.0,0.0,0.0,1.0,0.0,42.56
0.0,0.0,0.0,0.0,0.0,0.0,1.0,0.0,42.67
0.0,0.0,0.0,0.0,0.0,0.0,1.0,0.0,42.78
0.0,0.0,0.0,0.0,0.0,0.0,1.0,0.0,42.9
0.0,0.0,0.0,0.0,0.0,0.0,1.0,0.0,43.01
0.0,0.0,0.0,0.0,0.0,0.0,1.0,0.0,43.12
0.0,0.0,0.0,0.0,0.0,0.0,1.0,0.0,43.23
0.0,0.0,0.0,0.0,0.0,0.0,1.0,0.0,43.34
0.0,0.0,0.0,0.0,0.0,0.0,1.0,0.0,43.46
0.0,0.0,0.0,0.0,0.0,0.0,1.0,0.0,43.57
0.0,0.0,0.0,0.0,0.0,0.0,1.0,0.0,43.69
0.0,0.0,0.0,0.0,0.0,0.0,1.0,0.0,43.8
0.0,0.0,0.0,0.0,0.0,0.0,1.0,0.0,43.91
0.0,0.0,0.0,0.0,0.0,0.0,1.0,0.0,44.02
0.0,0.0,0.0,0.0,0.0,0.0,1.0,0.0,44.14
0.0,0.0,0.0,0.0,0.0,0.0,1.0,0.0,44.25
0.0,0.0,0.0,0.0,0.0,0.0,1.0,0.0,44.36
0.0,0.0,0.0,0.0,0.0,0.0,1.0,0.0,44.48
0.0,0.0,0.0,0.0,0.0,0.0,1.0,0.0,44.59
0.0,0.0,0.0,0.0,0.0,0.0,1.0,0.0,44.71
0.0,0.0,0.0,0.0,0.0,0.0,1.0,0.0,44.82
0.0,0.0,0.0,0.0,0.0,0.0,1.0,0.0,44.94
0.0,0.0,0.0,0.0,0.0,0.0,1.0,0.0,45.06
0.0,0.0,0.0,0.0,0.0,0.0,1.0,0.0,45.17
0.0,0.0,0.0,0.0,0.0,0.0,1.0,0.0,45.29
0.0,0.0,0.0,0.0,0.0,0.0,1.0,0.0,45.4
0.0,0.0,0.0,0.0,0.0,0.0,1.0,0.0,45.51
0.0,0.0,0.0,0.0,0.0,0.0,1.0,0.0,45.62
0.0,0.0,0.0,0.0,0.0,0.0,1.0,0.0,45.73
0.0,0.0,0.0,0.0,0.0,0.0,1.0,0.0,45.84
0.0,0.0,0.0,0.0,0.0,0.0,1.0,0.0,45.95
0.0,0.0,0.0,0.0,0.0,0.0,1.0,0.0,46.06
0.0,0.0,0.0,0.0,0.0,0.0,1.0,0.0,46.18
0.0,0.0,0.0,0.0,0.0,0.0,1.0,0.0,46.29
0.0,0.0,0.0,0.0,0.0,0.0,1.0,0.0,46.4
0.0,0.0,0.0,0.0,0.0,0.0,1.0,0.0,46.51
0.0,0.0,0.0,0.0,0.0,0.0,1.0,0.0,46.63
0.0,0.0,0.0,0.0,0.0,0.0,1.0,0.0,46.74
0.0,0.0,0.0,0.0,0.0,0.0,1.0,0.0,46.85
0.0,0.0,0.0,0.0,0.0,0.0,1.0,0.0,46.96
0.0,0.0,0.0,0.0,0.0,0.0,1.0,0.0,47.07
0.0,0.0,0.0,0.0,0.0,0.0,1.0,0.0,47.18
0.0,0.0,0.0,0.0,0.0,0.0,1.0,0.0,47.29
0.0,0.0,0.0,0.0,0.0,0.0,1.0,0.0,47.4
0.0,0.0,0.0,0.0,0.0,0.0,1.0,0.0,47.52
0.0,0.0,0.0,0.0,0.0,0.0,1.0,0.0,47.63
0.0,0.0,0.0,0.0,0.0,0.0,1.0,0.0,47.74
0.0,0.0,0.0,0.0,0.0,0.0,1.0,0.0,47.85
0.0,0.0,0.0,0.0,0.0,0.0,1.0,0.0,47.96
0.0,0.0,0.0,0.0,0.0,0.0,1.0,0.0,48.07
0.0,0.0,0.0,0.0,0.0,0.0,1.0,0.0,48.18
0.0,0.0,0.0,0.0,0.0,0.0,1.0,0.0,48.3
0.0,0.0,0.0,0.0,0.0,0.0,1.0,0.0,48.41
0.0,0.0,0.0,0.0,0.0,0.0,1.0,0.0,48.52
0.0,0.0,0.0,0.0,0.0,0.0,1.0,0.0,48.63
0.0,0.0,0.0,0.0,0.0,0.0,1.0,0.0,48.74
0.0,0.0,0.0,0.0,0.0,0.0,1.0,0.0,48.85
0.0,0.0,0.0,0.0,0.0,0.0,1.0,0.0,48.96
0.0,0.0,0.0,0.0,0.0,0.0,1.0,0.0,49.07
0.0,0.0,0.0,0.0,0.0,0.0,1.0,0.0,49.19
0.0,0.0,0.0,0.0,0.0,0.0,1.0,0.0,49.3
0.0,0.0,0.0,0.0,0.0,0.0,1.0,0.0,49.41
0.0,0.0,0.0,0.0,0.0,0.0,1.0,0.0,49.52
0.0,0.0,0.0,0.0,0.0,0.0,1.0,0.0,49.63
0.0,0.0,0.0,0.0,0.0,0.0,1.0,0.0,49.74
0.0,0.0,0.0,0.0,0.0,0.0,1.0,0.0,49.85
0.0,0.0,0.0,0.0,0.0,0.0,1.0,0.0,49.96
0.0,0.0,0.0,0.0,0.0,0.0,1.0,0.0,50.07
0.0,0.0,0.0,0.0,0.0,0.0,1.0,0.0,50.19
0.0,0.0,0.0,0.0,0.0,0.0,1.0,0.0,50.3
0.0,0.0,0.0,0.0,0.0,0.0,1.0,0.0,50.41
0.0,0.0,0.0,0.0,0.0,0.0,1.0,0.0,50.52
0.0,0.0,0.0,0.0,0.0,0.0,1.0,0.0,50.64
0.0,0.0,0.0,0.0,0.0,0.0,1.0,0.0,50.75
0.0,0.0,0.0,0.0,0.0,0.0,1.0,0.0,50.86
0.0,0.0,0.0,0.0,0.0,0.0,1.0,0.0,50.97
0.0,0.0,0.0,0.0,0.0,0.0,1.0,0.0,51.08
0.0,0.0,0.0,0.0,0.0,0.0,1.0,0.0,51.19
0.0,0.0,0.0,0.0,0.0,0.0,1.0,0.0,51.3
0.0,0.0,0.0,0.0,0.0,0.0,1.0,0.0,51.41
0.0,0.0,0.0,0.0,0.0,0.0,1.0,0.0,51.52
0.0,0.0,0.0,0.0,0.0,0.0,1.0,0.0,51.64
0.0,0.0,0.0,0.0,0.0,0.0,1.0,0.0,51.75
0.0,0.0,0.0,0.0,0.0,0.0,1.0,0.0,51.86
0.0,0.0,0.0,0.0,0.0,0.0,1.0,0.0,51.97
0.0,0.0,0.0,0.0,0.0,0.0,1.0,0.0,52.08
0.0,0.0,0.0,0.0,0.0,0.0,1.0,0.0,52.19
0.0,0.0,0.0,0.0,0.0,0.0,1.0,0.0,52.3
0.0,0.0,0.0,0.0,0.0,0.0,1.0,0.0,52.41
0.0,0.0,0.0,0.0,0.0,0.0,1.0,0.0,52.53
0.0,0.0,0.0,0.0,0.0,0.0,1.0,0.0,52.64
0.0,0.0,0.0,0.0,0.0,0.0,1.0,0.0,52.75
0.0,0.0,0.0,0.0,0.0,0.0,1.0,0.0,52.86
0.0,0.0,0.0,0.0,0.0,0.0,0.0,0.0,52.98
0.0,0.0,0.0,0.0,0.0,0.0,0.0,0.0,53.09
0.0,0.0,0.0,0.0,0.0,0.0,0.0,0.0,53.2
0.0,0.0,0.0,0.0,0.0,0.0,0.0,0.0,53.31
0.0,0.0,0.0,0.0,0.0,0.0,0.0,0.0,53.43
0.0,0.0,0.0,0.0,0.0,0.0,0.0,0.0,53.53
0.0,0.0,0.0,0.0,0.0,0.0,0.0,0.0,53.65
0.0,0.0,0.0,0.0,0.0,1.0,0.0,0.0,53.76
0.0,0.0,0.0,0.0,0.0,1.0,0.0,0.0,53.87
0.0,0.0,0.0,0.0,0.0,1.0,0.0,0.0,53.98
0.0,0.0,0.0,0.0,0.0,1.0,0.0,0.0,54.09
0.0,0.0,0.0,0.0,0.0,1.0,0.0,0.0,54.21
0.0,0.0,0.0,0.0,0.0,1.0,0.0,0.0,54.32
0.0,0.0,0.0,0.0,0.0,1.0,0.0,0.0,54.43
0.0,0.0,0.0,0.0,0.0,1.0,0.0,0.0,54.54
0.0,0.0,0.0,0.0,0.0,1.0,0.0,0.0,54.65
0.0,0.0,0.0,0.0,0.0,1.0,0.0,0.0,54.76
0.0,0.0,0.0,0.0,0.0,1.0,0.0,0.0,54.87
0.0,0.0,0.0,0.0,0.0,1.0,0.0,0.0,54.98
0.0,0.0,0.0,0.0,0.0,1.0,0.0,0.0,55.09
0.0,0.0,0.0,0.0,0.0,1.0,0.0,0.0,55.2
0.0,0.0,0.0,0.0,0.0,1.0,0.0,0.0,55.32
0.0,0.0,0.0,0.0,0.0,1.0,0.0,0.0,55.43
0.0,0.0,0.0,0.0,0.0,1.0,0.0,0.0,55.53
0.0,0.0,0.0,0.0,0.0,1.0,0.0,0.0,55.65
0.0,0.0,0.0,0.0,0.0,1.0,0.0,0.0,55.75
0.0,0.0,0.0,0.0,0.0,1.0,0.0,0.0,55.87
0.0,0.0,0.0,0.0,0.0,1.0,0.0,0.0,55.98
0.0,0.0,0.0,0.0,0.0,1.0,0.0,0.0,56.09
0.0,0.0,0.0,0.0,0.0,1.0,0.0,0.0,56.2
0.0,0.0,0.0,0.0,0.0,1.0,0.0,0.0,56.31
0.0,0.0,0.0,0.0,0.0,1.0,0.0,0.0,56.42
0.0,0.0,0.0,0.0,0.0,1.0,0.0,0.0,56.53
0.0,0.0,0.0,0.0,0.0,1.0,0.0,0.0,56.64
0.0,0.0,0.0,0.0,0.0,1.0,0.0,0.0,56.75
0.0,0.0,0.0,0.0,0.0,1.0,0.0,0.0,56.86
0.0,0.0,0.0,0.0,0.0,1.0,0.0,0.0,56.97
0.0,0.0,0.0,0.0,0.0,1.0,0.0,0.0,57.08
0.0,0.0,0.0,0.0,0.0,1.0,0.0,0.0,57.19
0.0,0.0,0.0,0.0,0.0,1.0,0.0,0.0,57.3
0.0,0.0,0.0,0.0,0.0,1.0,0.0,0.0,57.41
0.0,0.0,0.0,0.0,0.0,1.0,0.0,0.0,57.52
0.0,0.0,0.0,0.0,0.0,1.0,0.0,0.0,57.63
0.0,0.0,0.0,0.0,0.0,1.0,0.0,0.0,57.74
0.0,0.0,0.0,0.0,0.0,1.0,0.0,0.0,57.85
0.0,0.0,0.0,0.0,0.0,1.0,0.0,0.0,57.96
0.0,0.0,0.0,0.0,0.0,1.0,0.0,0.0,58.09
0.0,0.0,0.0,0.0,0.0,1.0,0.0,0.0,58.19
0.0,0.0,0.0,0.0,0.0,1.0,0.0,0.0,58.31
0.0,0.0,0.0,0.0,0.0,1.0,0.0,0.0,58.43
0.0,0.0,0.0,0.0,0.0,1.0,0.0,0.0,58.54
0.0,0.0,0.0,0.0,0.0,1.0,0.0,0.0,58.65
0.0,0.0,0.0,0.0,0.0,1.0,0.0,0.0,58.76
0.0,0.0,0.0,0.0,0.0,1.0,0.0,0.0,58.87
0.0,0.0,0.0,0.0,0.0,1.0,0.0,0.0,58.98
0.0,0.0,0.0,0.0,0.0,1.0,0.0,0.0,59.09
0.0,0.0,0.0,0.0,0.0,1.0,0.0,0.0,59.2
0.0,0.0,0.0,0.0,0.0,1.0,0.0,0.0,59.31
0.0,0.0,0.0,0.0,0.0,1.0,0.0,0.0,59.41
0.0,0.0,0.0,0.0,0.0,1.0,0.0,0.0,59.52
0.0,0.0,0.0,0.0,0.0,1.0,0.0,0.0,59.63
0.0,0.0,0.0,0.0,0.0,1.0,0.0,0.0,59.74
0.0,0.0,0.0,0.0,0.0,1.0,0.0,0.0,59.86
0.0,0.0,0.0,0.0,0.0,1.0,0.0,0.0,59.96
0.0,0.0,0.0,0.0,0.0,1.0,0.0,0.0,60.07
0.0,0.0,0.0,0.0,0.0,1.0,0.0,0.0,60.19
0.0,0.0,0.0,0.0,0.0,1.0,0.0,0.0,60.3
0.0,0.0,0.0,0.0,0.0,1.0,0.0,0.0,60.42
0.0,0.0,0.0,0.0,0.0,1.0,0.0,0.0,60.53
0.0,0.0,0.0,0.0,0.0,1.0,0.0,0.0,60.64
0.0,0.0,0.0,0.0,0.0,1.0,0.0,0.0,60.75
0.0,0.0,0.0,0.0,0.0,1.0,0.0,0.0,60.86
0.0,0.0,0.0,0.0,0.0,1.0,0.0,0.0,60.97
0.0,0.0,0.0,0.0,0.0,1.0,0.0,0.0,61.09
0.0,0.0,0.0,0.0,0.0,1.0,0.0,0.0,61.2
0.0,0.0,0.0,0.0,0.0,1.0,0.0,0.0,61.32
0.0,0.0,0.0,0.0,0.0,1.0,0.0,0.0,61.43
0.0,0.0,0.0,0.0,0.0,1.0,0.0,0.0,61.54
0.0,0.0,0.0,0.0,0.0,1.0,0.0,0.0,61.65
0.0,0.0,0.0,0.0,0.0,1.0,0.0,0.0,61.76
0.0,0.0,0.0,0.0,0.0,1.0,0.0,0.0,61.87
0.0,0.0,0.0,0.0,0.0,1.0,0.0,0.0,61.99
0.0,0.0,0.0,0.0,0.0,1.0,0.0,0.0,62.09
0.0,0.0,0.0,0.0,0.0,1.0,0.0,0.0,62.2
0.0,0.0,0.0,0.0,0.0,1.0,0.0,0.0,62.32
0.0,0.0,0.0,0.0,0.0,1.0,0.0,0.0,62.43
0.0,0.0,0.0,0.0,0.0,1.0,0.0,0.0,62.55
0.0,0.0,0.0,0.0,0.0,1.0,0.0,0.0,62.66
0.0,0.0,0.0,0.0,0.0,1.0,0.0,0.0,62.77
0.0,0.0,0.0,0.0,0.0,1.0,0.0,0.0,62.88
0.0,0.0,0.0,0.0,0.0,1.0,0.0,0.0,62.99
0.0,0.0,0.0,0.0,0.0,1.0,0.0,0.0,63.1
0.0,0.0,0.0,0.0,0.0,1.0,0.0,0.0,63.21
0.0,0.0,0.0,0.0,0.0,1.0,0.0,0.0,63.32
0.0,0.0,0.0,0.0,0.0,1.0,0.0,0.0,63.43
0.0,0.0,0.0,0.0,0.0,1.0,0.0,0.0,63.54
0.0,0.0,0.0,0.0,0.0,1.0,0.0,0.0,63.66
0.0,0.0,0.0,0.0,0.0,1.0,0.0,0.0,63.77
0.0,0.0,0.0,0.0,0.0,1.0,0.0,0.0,63.88
0.0,0.0,0.0,0.0,0.0,1.0,0.0,0.0,63.99
0.0,0.0,0.0,0.0,0.0,1.0,0.0,0.0,64.09
0.0,0.0,0.0,0.0,0.0,1.0,0.0,0.0,64.2
0.0,0.0,0.0,0.0,0.0,1.0,0.0,0.0,64.31
0.0,0.0,0.0,0.0,0.0,1.0,0.0,0.0,64.42
0.0,0.0,0.0,0.0,0.0,1.0,0.0,0.0,64.53
0.0,0.0,0.0,0.0,0.0,1.0,0.0,0.0,64.63
0.0,0.0,0.0,0.0,0.0,1.0,0.0,0.0,64.75
0.0,0.0,0.0,0.0,0.0,1.0,0.0,0.0,64.86
0.0,0.0,0.0,0.0,0.0,1.0,0.0,0.0,64.97
0.0,0.0,0.0,0.0,0.0,1.0,0.0,0.0,65.08
0.0,0.0,0.0,0.0,0.0,1.0,0.0,0.0,65.19
0.0,0.0,0.0,0.0,0.0,1.0,0.0,0.0,65.3
0.0,0.0,0.0,0.0,0.0,1.0,0.0,0.0,65.41
0.0,0.0,0.0,0.0,0.0,1.0,0.0,0.0,65.52
0.0,0.0,0.0,0.0,0.0,1.0,0.0,0.0,65.63
0.0,0.0,0.0,0.0,0.0,1.0,0.0,0.0,65.74
0.0,0.0,0.0,0.0,0.0,1.0,0.0,0.0,65.86
0.0,0.0,0.0,0.0,0.0,1.0,0.0,0.0,65.97
0.0,0.0,0.0,0.0,0.0,1.0,0.0,0.0,66.08
0.0,0.0,0.0,0.0,0.0,1.0,0.0,0.0,66.19
0.0,0.0,0.0,0.0,0.0,1.0,0.0,0.0,66.3
0.0,0.0,0.0,0.0,0.0,1.0,0.0,0.0,66.41
0.0,0.0,0.0,0.0,0.0,1.0,0.0,0.0,66.51
0.0,0.0,0.0,0.0,0.0,1.0,0.0,0.0,66.63
0.0,0.0,0.0,0.0,0.0,1.0,0.0,0.0,66.74
0.0,0.0,0.0,0.0,0.0,1.0,0.0,0.0,66.85
0.0,0.0,0.0,0.0,0.0,1.0,0.0,0.0,66.96
0.0,0.0,0.0,0.0,0.0,1.0,0.0,0.0,67.08
0.0,0.0,0.0,0.0,0.0,1.0,0.0,0.0,67.19
0.0,0.0,0.0,0.0,0.0,1.0,0.0,0.0,67.3
0.0,0.0,0.0,0.0,0.0,1.0,0.0,0.0,67.41
0.0,0.0,0.0,0.0,0.0,1.0,0.0,0.0,67.52
0.0,0.0,0.0,0.0,0.0,1.0,0.0,0.0,67.63
0.0,0.0,0.0,0.0,0.0,1.0,0.0,0.0,67.74
0.0,0.0,0.0,0.0,0.0,1.0,0.0,0.0,67.86
0.0,0.0,0.0,0.0,0.0,1.0,0.0,0.0,67.97
0.0,0.0,0.0,0.0,0.0,1.0,0.0,0.0,68.08
0.0,0.0,0.0,0.0,0.0,1.0,0.0,0.0,68.19
0.0,0.0,0.0,0.0,0.0,1.0,0.0,0.0,68.3
0.0,0.0,0.0,0.0,0.0,1.0,0.0,0.0,68.41
0.0,0.0,0.0,0.0,0.0,1.0,0.0,0.0,68.53
0.0,0.0,0.0,0.0,0.0,1.0,0.0,0.0,68.64
0.0,0.0,0.0,0.0,0.0,1.0,0.0,0.0,68.74
0.0,0.0,0.0,0.0,0.0,1.0,0.0,0.0,68.86
0.0,0.0,0.0,0.0,0.0,1.0,0.0,0.0,68.97
0.0,0.0,0.0,0.0,0.0,1.0,0.0,0.0,69.08
0.0,0.0,0.0,0.0,0.0,1.0,0.0,0.0,69.19
0.0,0.0,0.0,0.0,0.0,1.0,0.0,0.0,69.3
0.0,0.0,0.0,0.0,0.0,1.0,0.0,0.0,69.41
0.0,0.0,0.0,0.0,0.0,1.0,0.0,0.0,69.52
0.0,0.0,0.0,0.0,0.0,1.0,0.0,0.0,69.63
0.0,0.0,0.0,0.0,0.0,1.0,0.0,0.0,69.75
0.0,0.0,0.0,0.0,0.0,1.0,0.0,0.0,69.86
0.0,0.0,0.0,0.0,0.0,1.0,0.0,0.0,69.98
0.0,0.0,0.0,0.0,0.0,1.0,0.0,0.0,70.08
0.0,0.0,0.0,0.0,0.0,1.0,0.0,0.0,70.2
0.0,0.0,0.0,0.0,0.0,1.0,0.0,0.0,70.31
0.0,0.0,0.0,0.0,0.0,1.0,0.0,0.0,70.42
0.0,0.0,0.0,0.0,0.0,1.0,0.0,0.0,70.53
0.0,0.0,0.0,0.0,0.0,1.0,0.0,0.0,70.64
0.0,0.0,0.0,0.0,0.0,1.0,0.0,0.0,70.75
0.0,0.0,0.0,0.0,0.0,1.0,0.0,0.0,70.87
0.0,0.0,0.0,0.0,0.0,1.0,0.0,0.0,70.98
0.0,0.0,0.0,0.0,0.0,1.0,0.0,0.0,71.1
0.0,0.0,0.0,0.0,0.0,1.0,0.0,0.0,71.21
0.0,0.0,0.0,0.0,0.0,1.0,0.0,0.0,71.31
0.0,0.0,0.0,0.0,0.0,1.0,0.0,0.0,71.43
0.0,0.0,0.0,0.0,0.0,1.0,0.0,0.0,71.54
0.0,0.0,0.0,0.0,0.0,1.0,0.0,0.0,71.66
0.0,0.0,0.0,0.0,0.0,1.0,0.0,0.0,71.76
0.0,0.0,0.0,0.0,0.0,1.0,0.0,0.0,71.87
0.0,0.0,0.0,0.0,0.0,1.0,0.0,0.0,71.98
0.0,0.0,0.0,0.0,0.0,1.0,0.0,0.0,72.09
0.0,0.0,0.0,0.0,0.0,1.0,0.0,0.0,72.2
0.0,0.0,0.0,0.0,0.0,1.0,0.0,0.0,72.32
0.0,0.0,0.0,0.0,0.0,1.0,0.0,0.0,72.43
0.0,0.0,0.0,0.0,0.0,1.0,0.0,0.0,72.54
0.0,0.0,0.0,0.0,0.0,1.0,0.0,0.0,72.65
0.0,0.0,0.0,0.0,0.0,1.0,0.0,0.0,72.76
0.0,0.0,0.0,0.0,0.0,1.0,0.0,0.0,72.87
0.0,0.0,0.0,0.0,0.0,1.0,0.0,0.0,72.99
0.0,0.0,0.0,0.0,0.0,1.0,0.0,0.0,73.09
0.0,0.0,0.0,0.0,0.0,1.0,0.0,0.0,73.21
0.0,0.0,0.0,0.0,0.0,1.0,0.0,0.0,73.31
0.0,0.0,0.0,0.0,0.0,1.0,0.0,0.0,73.42
0.0,0.0,0.0,0.0,0.0,1.0,0.0,0.0,73.54
0.0,0.0,0.0,0.0,0.0,1.0,0.0,0.0,73.65
0.0,0.0,0.0,0.0,0.0,1.0,0.0,0.0,73.76
0.0,0.0,0.0,0.0,0.0,1.0,0.0,0.0,73.87
0.0,0.0,0.0,0.0,0.0,1.0,0.0,0.0,73.98
0.0,0.0,0.0,0.0,0.0,1.0,0.0,0.0,74.1
0.0,0.0,0.0,0.0,0.0,1.0,0.0,0.0,74.21
0.0,0.0,0.0,0.0,0.0,1.0,0.0,0.0,74.32
0.0,0.0,0.0,0.0,0.0,1.0,0.0,0.0,74.44
0.0,0.0,0.0,0.0,0.0,1.0,0.0,0.0,74.55
0.0,0.0,0.0,0.0,0.0,1.0,0.0,0.0,74.66
0.0,0.0,0.0,0.0,0.0,1.0,0.0,0.0,74.77
0.0,0.0,0.0,0.0,0.0,1.0,0.0,0.0,74.89
0.0,0.0,0.0,0.0,0.0,1.0,0.0,0.0,75.0
0.0,0.0,0.0,0.0,0.0,1.0,0.0,0.0,75.11
0.0,0.0,0.0,0.0,0.0,1.0,0.0,0.0,75.22
0.0,0.0,0.0,0.0,0.0,1.0,0.0,0.0,75.33
0.0,0.0,0.0,0.0,0.0,1.0,0.0,0.0,75.44
0.0,0.0,0.0,0.0,0.0,1.0,0.0,0.0,75.55
0.0,0.0,0.0,0.0,0.0,1.0,0.0,0.0,75.66
0.0,0.0,0.0,0.0,0.0,1.0,0.0,0.0,75.77
0.0,0.0,0.0,0.0,0.0,1.0,0.0,0.0,75.89
0.0,0.0,0.0,0.0,0.0,1.0,0.0,0.0,76.0
0.0,0.0,0.0,0.0,0.0,1.0,0.0,0.0,76.11
0.0,0.0,0.0,0.0,0.0,1.0,0.0,0.0,76.22
0.0,0.0,0.0,0.0,0.0,1.0,0.0,0.0,76.33
0.0,0.0,0.0,0.0,0.0,1.0,0.0,0.0,76.45
0.0,0.0,0.0,0.0,0.0,1.0,0.0,0.0,76.56
0.0,0.0,0.0,0.0,0.0,1.0,0.0,0.0,76.67
0.0,0.0,0.0,0.0,0.0,1.0,0.0,0.0,76.78
0.0,0.0,0.0,0.0,0.0,1.0,0.0,0.0,76.89
0.0,0.0,0.0,0.0,0.0,1.0,0.0,0.0,77.0
0.0,0.0,0.0,0.0,0.0,1.0,0.0,0.0,77.11
0.0,0.0,0.0,0.0,0.0,1.0,0.0,0.0,77.22
0.0,0.0,0.0,0.0,0.0,1.0,0.0,0.0,77.33
0.0,0.0,0.0,0.0,0.0,1.0,0.0,0.0,77.44
0.0,0.0,0.0,0.0,0.0,1.0,0.0,0.0,77.55
0.0,0.0,0.0,0.0,0.0,1.0,0.0,0.0,77.67
0.0,0.0,0.0,0.0,0.0,1.0,0.0,0.0,77.78
0.0,0.0,0.0,0.0,0.0,1.0,0.0,0.0,77.89
0.0,0.0,0.0,0.0,0.0,1.0,0.0,0.0,78.0
0.0,0.0,0.0,0.0,0.0,1.0,0.0,0.0,78.11
0.0,0.0,0.0,0.0,0.0,1.0,0.0,0.0,78.23
0.0,0.0,0.0,0.0,0.0,1.0,0.0,0.0,78.34
0.0,0.0,0.0,0.0,0.0,1.0,0.0,0.0,78.45
0.0,0.0,0.0,0.0,0.0,1.0,0.0,0.0,78.56
0.0,0.0,0.0,0.0,0.0,1.0,0.0,0.0,78.67
0.0,0.0,0.0,0.0,0.0,1.0,0.0,0.0,78.78
0.0,0.0,0.0,0.0,0.0,1.0,0.0,0.0,78.89
0.0,0.0,0.0,0.0,0.0,1.0,0.0,0.0,79.0
0.0,0.0,0.0,0.0,0.0,1.0,0.0,0.0,79.11
0.0,0.0,0.0,0.0,0.0,1.0,0.0,0.0,79.23
0.0,0.0,0.0,0.0,0.0,1.0,0.0,0.0,79.34
0.0,0.0,0.0,0.0,0.0,1.0,0.0,0.0,79.45
0.0,0.0,0.0,0.0,0.0,1.0,0.0,0.0,79.56
0.0,0.0,0.0,0.0,0.0,1.0,0.0,0.0,79.67
0.0,0.0,0.0,0.0,0.0,1.0,0.0,0.0,79.78
0.0,0.0,0.0,0.0,0.0,1.0,0.0,0.0,79.88
0.0,0.0,0.0,0.0,0.0,1.0,0.0,0.0,80.0
0.0,0.0,0.0,0.0,0.0,1.0,0.0,0.0,80.1
0.0,0.0,0.0,0.0,0.0,1.0,0.0,0.0,80.21
0.0,0.0,0.0,0.0,0.0,1.0,0.0,0.0,80.33
0.0,0.0,0.0,0.0,0.0,1.0,0.0,0.0,80.44
0.0,0.0,0.0,0.0,0.0,1.0,0.0,0.0,80.55
0.0,0.0,0.0,0.0,0.0,1.0,0.0,0.0,80.66
0.0,0.0,0.0,0.0,0.0,1.0,0.0,0.0,80.77
0.0,0.0,0.0,0.0,0.0,1.0,0.0,0.0,80.88
0.0,0.0,0.0,0.0,0.0,1.0,0.0,0.0,80.99
0.0,0.0,0.0,0.0,0.0,1.0,0.0,0.0,81.1
0.0,0.0,0.0,0.0,0.0,1.0,0.0,0.0,81.22
0.0,0.0,0.0,0.0,0.0,1.0,0.0,0.0,81.33
0.0,0.0,0.0,0.0,0.0,1.0,0.0,0.0,81.44
0.0,0.0,0.0,0.0,0.0,1.0,0.0,0.0,81.55
0.0,0.0,0.0,0.0,0.0,1.0,0.0,0.0,81.67
0.0,0.0,0.0,0.0,0.0,1.0,0.0,0.0,81.77
0.0,0.0,0.0,0.0,0.0,1.0,0.0,0.0,81.88
0.0,0.0,0.0,0.0,0.0,1.0,0.0,0.0,81.99
0.0,0.0,0.0,0.0,0.0,1.0,0.0,0.0,82.11
0.0,0.0,0.0,0.0,0.0,1.0,0.0,0.0,82.22
0.0,0.0,0.0,0.0,0.0,1.0,0.0,0.0,82.33
0.0,0.0,0.0,0.0,0.0,1.0,0.0,0.0,82.44
0.0,0.0,0.0,0.0,0.0,1.0,0.0,0.0,82.55
0.0,0.0,0.0,0.0,0.0,1.0,0.0,0.0,82.67
0.0,0.0,0.0,0.0,0.0,1.0,0.0,0.0,82.78
0.0,0.0,0.0,0.0,0.0,1.0,0.0,0.0,82.89
0.0,0.0,0.0,0.0,0.0,1.0,0.0,0.0,83.0
0.0,0.0,0.0,0.0,0.0,1.0,0.0,0.0,83.1
0.0,0.0,0.0,0.0,0.0,1.0,0.0,0.0,83.21
0.0,0.0,0.0,0.0,0.0,1.0,0.0,0.0,83.33
0.0,0.0,0.0,0.0,0.0,1.0,0.0,0.0,83.44
0.0,0.0,0.0,0.0,0.0,1.0,0.0,0.0,83.55
0.0,0.0,0.0,0.0,0.0,1.0,0.0,0.0,83.66
0.0,0.0,0.0,0.0,0.0,1.0,0.0,0.0,83.77
0.0,0.0,0.0,0.0,0.0,1.0,0.0,0.0,83.88
0.0,0.0,0.0,0.0,0.0,1.0,0.0,0.0,84.0
0.0,0.0,0.0,0.0,0.0,1.0,0.0,0.0,84.1
0.0,0.0,0.0,0.0,0.0,1.0,0.0,0.0,84.22
0.0,0.0,0.0,0.0,0.0,1.0,0.0,0.0,84.33
0.0,0.0,0.0,0.0,0.0,1.0,0.0,0.0,84.44
0.0,0.0,0.0,0.0,0.0,1.0,0.0,0.0,84.56
0.0,0.0,0.0,0.0,0.0,1.0,0.0,0.0,84.67
0.0,0.0,0.0,0.0,0.0,1.0,0.0,0.0,84.78
0.0,0.0,0.0,0.0,0.0,1.0,0.0,0.0,84.89
0.0,0.0,0.0,0.0,0.0,1.0,0.0,0.0,85.0
0.0,0.0,0.0,0.0,0.0,1.0,0.0,0.0,85.11
0.0,0.0,0.0,0.0,0.0,1.0,0.0,0.0,85.22
0.0,0.0,0.0,0.0,0.0,1.0,0.0,0.0,85.33
0.0,0.0,0.0,0.0,0.0,1.0,0.0,0.0,85.44
0.0,0.0,0.0,0.0,0.0,1.0,0.0,0.0,85.55
0.0,0.0,0.0,0.0,0.0,1.0,0.0,0.0,85.66
0.0,0.0,0.0,0.0,0.0,1.0,0.0,0.0,85.77
0.0,0.0,0.0,0.0,0.0,1.0,0.0,0.0,85.88
0.0,0.0,0.0,0.0,0.0,1.0,0.0,0.0,85.99
0.0,0.0,0.0,0.0,0.0,1.0,0.0,0.0,86.1
0.0,0.0,0.0,0.0,0.0,1.0,0.0,0.0,86.22
0.0,0.0,0.0,0.0,0.0,1.0,0.0,0.0,86.33
0.0,0.0,0.0,0.0,0.0,1.0,0.0,0.0,86.44
0.0,0.0,0.0,0.0,0.0,1.0,0.0,0.0,86.55
0.0,0.0,0.0,0.0,0.0,1.0,0.0,0.0,86.66
0.0,0.0,0.0,0.0,0.0,1.0,0.0,0.0,86.77
0.0,0.0,0.0,0.0,0.0,1.0,0.0,0.0,86.88
0.0,0.0,0.0,0.0,0.0,1.0,0.0,0.0,86.99
0.0,0.0,0.0,0.0,0.0,1.0,0.0,0.0,87.1
0.0,0.0,0.0,0.0,0.0,1.0,0.0,0.0,87.21
0.0,0.0,0.0,0.0,0.0,1.0,0.0,0.0,87.32
0.0,0.0,0.0,0.0,0.0,1.0,0.0,0.0,87.43
0.0,0.0,0.0,0.0,0.0,1.0,0.0,0.0,87.54
0.0,0.0,0.0,0.0,0.0,1.0,0.0,0.0,87.65
0.0,0.0,0.0,0.0,0.0,1.0,0.0,0.0,87.76
0.0,0.0,0.0,0.0,0.0,1.0,0.0,0.0,87.87
0.0,0.0,0.0,0.0,0.0,1.0,0.0,0.0,87.98
0.0,0.0,0.0,0.0,0.0,1.0,0.0,0.0,88.09
0.0,0.0,0.0,0.0,0.0,1.0,0.0,0.0,88.2
0.0,0.0,0.0,0.0,0.0,1.0,0.0,0.0,88.31
0.0,0.0,0.0,0.0,0.0,1.0,0.0,0.0,88.42
0.0,0.0,0.0,0.0,0.0,1.0,0.0,0.0,88.54
0.0,0.0,0.0,0.0,0.0,1.0,0.0,0.0,88.65
0.0,0.0,0.0,0.0,0.0,1.0,0.0,0.0,88.76
0.0,0.0,0.0,0.0,0.0,1.0,0.0,0.0,88.87
0.0,0.0,0.0,0.0,0.0,1.0,0.0,0.0,88.98
0.0,0.0,0.0,0.0,0.0,1.0,0.0,0.0,89.09
0.0,0.0,0.0,0.0,0.0,1.0,0.0,0.0,89.2
0.0,0.0,0.0,0.0,0.0,1.0,0.0,0.0,89.31
0.0,0.0,0.0,0.0,0.0,1.0,0.0,0.0,89.43
0.0,0.0,0.0,0.0,0.0,1.0,0.0,0.0,89.54
0.0,0.0,0.0,0.0,0.0,1.0,0.0,0.0,89.66
0.0,0.0,0.0,0.0,0.0,1.0,0.0,0.0,89.77
0.0,0.0,0.0,0.0,0.0,1.0,0.0,0.0,89.88
0.0,0.0,0.0,0.0,0.0,1.0,0.0,0.0,89.99
0.0,0.0,0.0,0.0,0.0,1.0,0.0,0.0,90.1
0.0,0.0,0.0,0.0,0.0,1.0,0.0,0.0,90.21
0.0,0.0,0.0,0.0,0.0,1.0,0.0,0.0,90.33
0.0,0.0,0.0,0.0,0.0,1.0,0.0,0.0,90.44
0.0,0.0,0.0,0.0,0.0,1.0,0.0,0.0,90.56
0.0,0.0,0.0,0.0,0.0,1.0,0.0,0.0,90.67
0.0,0.0,0.0,0.0,0.0,1.0,0.0,0.0,90.78
0.0,0.0,0.0,0.0,0.0,1.0,0.0,0.0,90.89
0.0,0.0,0.0,0.0,0.0,1.0,0.0,0.0,91.0
0.0,0.0,0.0,0.0,0.0,1.0,0.0,0.0,91.11
0.0,0.0,0.0,0.0,0.0,1.0,0.0,0.0,91.22
0.0,0.0,0.0,0.0,0.0,1.0,0.0,0.0,91.33
0.0,0.0,0.0,0.0,0.0,1.0,0.0,0.0,91.44
0.0,0.0,0.0,0.0,0.0,1.0,0.0,0.0,91.55
0.0,0.0,0.0,0.0,0.0,1.0,0.0,0.0,91.67
0.0,0.0,0.0,0.0,0.0,1.0,0.0,0.0,91.78
0.0,0.0,0.0,0.0,0.0,1.0,0.0,0.0,91.88
0.0,0.0,0.0,0.0,0.0,1.0,0.0,0.0,92.0
0.0,0.0,0.0,0.0,0.0,1.0,0.0,0.0,92.11
0.0,0.0,0.0,0.0,0.0,1.0,0.0,0.0,92.22
0.0,0.0,0.0,0.0,0.0,1.0,0.0,0.0,92.33
0.0,0.0,0.0,0.0,0.0,1.0,0.0,0.0,92.44
0.0,0.0,0.0,0.0,0.0,1.0,0.0,0.0,92.56
0.0,0.0,0.0,0.0,0.0,1.0,0.0,0.0,92.67
0.0,0.0,0.0,0.0,0.0,1.0,0.0,0.0,92.79
0.0,0.0,0.0,0.0,0.0,1.0,0.0,0.0,92.9
0.0,0.0,0.0,0.0,0.0,1.0,0.0,0.0,93.01
0.0,0.0,0.0,0.0,0.0,1.0,0.0,0.0,93.12
0.0,0.0,0.0,0.0,0.0,1.0,0.0,0.0,93.23
0.0,0.0,0.0,0.0,0.0,1.0,0.0,0.0,93.34
0.0,0.0,0.0,0.0,0.0,1.0,0.0,0.0,93.45
0.0,0.0,0.0,0.0,0.0,1.0,0.0,0.0,93.57
0.0,0.0,0.0,0.0,0.0,1.0,0.0,0.0,93.67
0.0,0.0,0.0,0.0,0.0,1.0,0.0,0.0,93.79
0.0,0.0,0.0,0.0,0.0,1.0,0.0,0.0,93.9
0.0,0.0,0.0,0.0,0.0,1.0,0.0,0.0,94.01
0.0,0.0,0.0,0.0,0.0,1.0,0.0,0.0,94.12
0.0,0.0,0.0,0.0,0.0,1.0,0.0,0.0,94.24
0.0,0.0,0.0,0.0,0.0,1.0,0.0,0.0,94.35
0.0,0.0,0.0,0.0,0.0,1.0,0.0,0.0,94.46
0.0,0.0,0.0,0.0,0.0,1.0,0.0,0.0,94.57
0.0,0.0,0.0,0.0,0.0,1.0,0.0,0.0,94.68
0.0,0.0,0.0,0.0,0.0,1.0,0.0,0.0,94.79
0.0,0.0,0.0,0.0,0.0,1.0,0.0,0.0,94.9
0.0,0.0,0.0,0.0,0.0,1.0,0.0,0.0,95.01
0.0,0.0,0.0,0.0,0.0,1.0,0.0,0.0,95.13
0.0,0.0,0.0,0.0,0.0,1.0,0.0,0.0,95.24
0.0,0.0,0.0,0.0,0.0,1.0,0.0,0.0,95.34
0.0,0.0,0.0,0.0,0.0,1.0,0.0,0.0,95.46
0.0,0.0,0.0,0.0,0.0,1.0,0.0,0.0,95.57
0.0,0.0,0.0,0.0,0.0,1.0,0.0,0.0,95.68
0.0,0.0,0.0,0.0,0.0,1.0,0.0,0.0,95.79
0.0,0.0,0.0,0.0,0.0,1.0,0.0,0.0,95.9
0.0,0.0,0.0,0.0,0.0,1.0,0.0,0.0,96.02
0.0,0.0,0.0,0.0,0.0,1.0,0.0,0.0,96.13
0.0,0.0,0.0,0.0,0.0,1.0,0.0,0.0,96.24
0.0,0.0,0.0,0.0,0.0,1.0,0.0,0.0,96.35
0.0,0.0,0.0,0.0,0.0,1.0,0.0,0.0,96.46
0.0,0.0,0.0,0.0,0.0,1.0,0.0,0.0,96.57
0.0,0.0,0.0,0.0,0.0,1.0,0.0,0.0,96.68
0.0,0.0,0.0,0.0,0.0,1.0,0.0,0.0,96.79
0.0,0.0,0.0,0.0,0.0,1.0,0.0,0.0,96.9
0.0,0.0,0.0,0.0,0.0,1.0,0.0,0.0,97.01
0.0,0.0,0.0,0.0,0.0,1.0,0.0,0.0,97.13
0.0,0.0,0.0,0.0,0.0,1.0,0.0,0.0,97.23
0.0,0.0,0.0,0.0,0.0,1.0,0.0,0.0,97.34
0.0,0.0,0.0,0.0,0.0,1.0,0.0,0.0,97.45
0.0,0.0,0.0,0.0,0.0,1.0,0.0,0.0,97.56
0.0,0.0,0.0,0.0,0.0,1.0,0.0,0.0,97.67
0.0,0.0,0.0,0.0,0.0,1.0,0.0,0.0,97.78
0.0,0.0,0.0,0.0,0.0,1.0,0.0,0.0,97.9
0.0,0.0,0.0,0.0,0.0,1.0,0.0,0.0,98.01
0.0,0.0,0.0,0.0,0.0,1.0,0.0,0.0,98.12
0.0,0.0,0.0,0.0,0.0,1.0,0.0,0.0,98.23
0.0,0.0,0.0,0.0,0.0,1.0,0.0,0.0,98.34
0.0,0.0,0.0,0.0,0.0,1.0,0.0,0.0,98.45
0.0,0.0,0.0,0.0,0.0,1.0,0.0,0.0,98.56
0.0,0.0,0.0,0.0,0.0,1.0,0.0,0.0,98.67
0.0,0.0,0.0,0.0,0.0,1.0,0.0,0.0,98.78
0.0,0.0,0.0,0.0,0.0,1.0,0.0,0.0,98.89
0.0,0.0,0.0,0.0,0.0,1.0,0.0,0.0,99.0
0.0,0.0,0.0,0.0,0.0,1.0,0.0,0.0,99.11
0.0,0.0,0.0,0.0,0.0,1.0,0.0,0.0,99.22
0.0,0.0,0.0,0.0,0.0,1.0,0.0,0.0,99.33
0.0,0.0,0.0,0.0,0.0,1.0,0.0,0.0,99.44
0.0,0.0,0.0,0.0,0.0,1.0,0.0,0.0,99.55
0.0,0.0,0.0,0.0,0.0,1.0,0.0,0.0,99.66
0.0,0.0,0.0,0.0,0.0,1.0,0.0,0.0,99.77
0.0,0.0,0.0,0.0,0.0,1.0,0.0,0.0,99.88
0.0,0.0,0.0,0.0,0.0,1.0,0.0,0.0,100.0
0.0,0.0,0.0,0.0,0.0,1.0,0.0,0.0,100.1
0.0,0.0,0.0,0.0,0.0,1.0,0.0,0.0,100.22
0.0,0.0,0.0,0.0,0.0,1.0,0.0,0.0,100.33
0.0,0.0,0.0,0.0,0.0,1.0,0.0,0.0,100.44
0.0,0.0,0.0,0.0,0.0,1.0,0.0,0.0,100.55
0.0,0.0,0.0,0.0,0.0,1.0,0.0,0.0,100.66
0.0,0.0,0.0,0.0,0.0,1.0,0.0,0.0,100.77
0.0,0.0,0.0,0.0,0.0,1.0,0.0,0.0,100.88
0.0,0.0,0.0,0.0,0.0,1.0,0.0,0.0,100.99
0.0,0.0,0.0,0.0,0.0,1.0,0.0,0.0,101.1
0.0,0.0,0.0,0.0,0.0,1.0,0.0,0.0,101.21
0.0,0.0,0.0,0.0,0.0,1.0,0.0,0.0,101.32
0.0,0.0,0.0,0.0,0.0,1.0,0.0,0.0,101.43
0.0,0.0,0.0,0.0,0.0,1.0,0.0,0.0,101.55
0.0,0.0,0.0,0.0,0.0,1.0,0.0,0.0,101.66
0.0,0.0,0.0,0.0,0.0,1.0,0.0,0.0,101.77
0.0,0.0,0.0,0.0,0.0,1.0,0.0,0.0,101.88
0.0,0.0,0.0,0.0,0.0,1.0,0.0,0.0,101.99
0.0,0.0,0.0,0.0,0.0,1.0,0.0,0.0,102.1
0.0,0.0,0.0,0.0,0.0,1.0,0.0,0.0,102.22
0.0,0.0,0.0,0.0,0.0,1.0,0.0,0.0,102.33
0.0,0.0,0.0,0.0,0.0,1.0,0.0,0.0,102.43
0.0,0.0,0.0,0.0,0.0,1.0,0.0,0.0,102.54
0.0,0.0,0.0,0.0,0.0,1.0,0.0,0.0,102.65
0.0,0.0,0.0,0.0,0.0,1.0,0.0,0.0,102.76
0.0,0.0,0.0,0.0,0.0,1.0,0.0,0.0,102.87
0.0,0.0,0.0,0.0,0.0,1.0,0.0,0.0,102.98
0.0,0.0,0.0,0.0,0.0,1.0,0.0,0.0,103.09
0.0,0.0,0.0,0.0,0.0,1.0,0.0,0.0,103.2
0.0,0.0,0.0,0.0,0.0,1.0,0.0,0.0,103.31
0.0,0.0,0.0,0.0,0.0,1.0,0.0,0.0,103.42
0.0,0.0,0.0,0.0,0.0,1.0,0.0,0.0,103.53
0.0,0.0,0.0,0.0,0.0,1.0,0.0,0.0,103.64
0.0,0.0,0.0,0.0,0.0,1.0,0.0,0.0,103.75
0.0,0.0,0.0,0.0,0.0,1.0,0.0,0.0,103.86
0.0,0.0,0.0,0.0,0.0,1.0,0.0,0.0,103.97
0.0,0.0,0.0,0.0,0.0,1.0,0.0,0.0,104.08
0.0,0.0,0.0,0.0,0.0,1.0,0.0,0.0,104.2
0.0,0.0,0.0,0.0,0.0,1.0,0.0,0.0,104.31
0.0,0.0,0.0,0.0,0.0,1.0,0.0,0.0,104.42
0.0,0.0,0.0,0.0,0.0,1.0,0.0,0.0,104.53
0.0,0.0,0.0,0.0,0.0,1.0,0.0,0.0,104.65
0.0,0.0,0.0,0.0,0.0,1.0,0.0,0.0,104.76
0.0,0.0,0.0,0.0,0.0,1.0,0.0,0.0,104.87
0.0,0.0,0.0,0.0,0.0,1.0,0.0,0.0,104.98
0.0,0.0,0.0,0.0,0.0,1.0,0.0,0.0,105.09
0.0,0.0,0.0,0.0,0.0,1.0,0.0,0.0,105.2
0.0,0.0,0.0,0.0,0.0,1.0,0.0,0.0,105.31
0.0,0.0,0.0,0.0,0.0,1.0,0.0,0.0,105.42
0.0,0.0,0.0,0.0,0.0,1.0,0.0,0.0,105.53
0.0,0.0,0.0,0.0,0.0,1.0,0.0,0.0,105.64
0.0,0.0,0.0,0.0,0.0,1.0,0.0,0.0,105.75
0.0,0.0,0.0,0.0,0.0,1.0,0.0,0.0,105.86
0.0,0.0,0.0,0.0,0.0,1.0,0.0,0.0,105.97
0.0,0.0,0.0,0.0,0.0,1.0,0.0,0.0,106.09
0.0,0.0,0.0,0.0,0.0,1.0,0.0,0.0,106.2
0.0,0.0,0.0,0.0,0.0,1.0,0.0,0.0,106.32
0.0,0.0,0.0,0.0,0.0,1.0,0.0,0.0,106.43
0.0,0.0,0.0,0.0,0.0,1.0,0.0,0.0,106.55
0.0,0.0,0.0,0.0,0.0,1.0,0.0,0.0,106.66
0.0,0.0,0.0,0.0,0.0,1.0,0.0,0.0,106.77
0.0,0.0,0.0,0.0,0.0,1.0,0.0,0.0,106.88
0.0,0.0,0.0,0.0,0.0,1.0,0.0,0.0,107.0
0.0,0.0,0.0,0.0,0.0,1.0,0.0,0.0,107.1
0.0,0.0,0.0,0.0,0.0,1.0,0.0,0.0,107.22
0.0,0.0,0.0,0.0,0.0,1.0,0.0,0.0,107.33
0.0,0.0,0.0,0.0,0.0,1.0,0.0,0.0,107.44
0.0,0.0,0.0,0.0,0.0,1.0,0.0,0.0,107.56
0.0,0.0,0.0,0.0,0.0,1.0,0.0,0.0,107.67
0.0,0.0,0.0,0.0,0.0,1.0,0.0,0.0,107.78
0.0,0.0,0.0,0.0,0.0,1.0,0.0,0.0,107.89
0.0,0.0,0.0,0.0,0.0,1.0,0.0,0.0,108.0
0.0,0.0,0.0,0.0,0.0,1.0,0.0,0.0,108.11
0.0,0.0,0.0,0.0,0.0,1.0,0.0,0.0,108.21
0.0,0.0,0.0,0.0,0.0,1.0,0.0,0.0,108.32
0.0,0.0,0.0,0.0,0.0,1.0,0.0,0.0,108.44
0.0,0.0,0.0,0.0,0.0,1.0,0.0,0.0,108.55
0.0,0.0,0.0,0.0,0.0,1.0,0.0,0.0,108.66
0.0,0.0,0.0,0.0,0.0,1.0,0.0,0.0,108.77
0.0,0.0,0.0,0.0,0.0,1.0,0.0,0.0,108.88
0.0,0.0,0.0,0.0,0.0,1.0,0.0,0.0,108.99
0.0,0.0,0.0,0.0,0.0,1.0,0.0,0.0,109.11
0.0,0.0,0.0,0.0,0.0,1.0,0.0,0.0,109.22
0.0,0.0,0.0,0.0,0.0,1.0,0.0,0.0,109.33
0.0,0.0,0.0,0.0,0.0,1.0,0.0,0.0,109.44
0.0,0.0,0.0,0.0,0.0,1.0,0.0,0.0,109.55
0.0,0.0,0.0,0.0,0.0,1.0,0.0,0.0,109.66
0.0,0.0,0.0,0.0,0.0,1.0,0.0,0.0,109.77
0.0,0.0,0.0,0.0,0.0,1.0,0.0,0.0,109.88
0.0,0.0,0.0,0.0,0.0,1.0,0.0,0.0,109.99
0.0,0.0,0.0,0.0,0.0,1.0,0.0,0.0,110.1
0.0,0.0,0.0,0.0,0.0,1.0,0.0,0.0,110.21
0.0,0.0,0.0,0.0,0.0,1.0,0.0,0.0,110.32
0.0,0.0,0.0,0.0,0.0,1.0,0.0,0.0,110.42
0.0,0.0,0.0,0.0,0.0,1.0,0.0,0.0,110.53
0.0,0.0,0.0,0.0,0.0,1.0,0.0,0.0,110.64
0.0,0.0,0.0,0.0,0.0,1.0,0.0,0.0,110.75
0.0,0.0,0.0,0.0,0.0,1.0,0.0,0.0,110.86
0.0,0.0,0.0,0.0,0.0,1.0,0.0,0.0,110.97
0.0,0.0,0.0,0.0,0.0,1.0,0.0,0.0,111.08
0.0,0.0,0.0,0.0,0.0,1.0,0.0,0.0,111.19
0.0,0.0,0.0,0.0,0.0,1.0,0.0,0.0,111.3
0.0,0.0,0.0,0.0,0.0,1.0,0.0,0.0,111.41
0.0,0.0,0.0,0.0,0.0,1.0,0.0,0.0,111.51
