0.0,0.0,0.0,0.0,0.0,0.0,0.0,0.0,0.01
0.0,0.0,0.0,0.0,0.0,0.0,0.0,0.0,0.03
0.0,0.0,0.0,0.0,0.0,0.0,0.0,0.0,0.04
0.0,0.0,0.0,0.0,0.0,0.0,0.0,0.0,0.05
0.0,0.0,0.0,0.0,0.0,0.0,0.0,0.0,0.07
0.0,0.0,0.0,0.0,0.0,0.0,0.0,0.0,0.08
0.0,0.0,0.0,0.0,0.0,0.0,0.0,0.0,0.09
0.0,0.0,0.0,0.0,0.0,0.0,0.0,0.0,0.11
0.0,0.0,0.0,0.0,0.0,0.0,0.0,0.0,0.12
0.0,0.0,0.0,0.0,0.0,0.0,0.0,0.0,0.13
0.0,0.0,0.0,0.0,0.0,0.0,0.0,0.0,0.14
0.0,0.0,0.0,0.0,0.0,0.0,0.0,0.0,0.16
0.0,0.0,0.0,0.0,0.0,0.0,0.0,0.0,0.17
0.0,0.0,0.0,0.0,0.0,0.0,0.0,0.0,0.19
0.0,0.0,0.0,0.0,0.0,0.0,0.0,0.0,0.2
0.0,0.0,0.0,0.0,0.0,0.0,0.0,0.0,0.21
0.0,0.0,0.0,0.0,0.0,0.0,0.0,0.0,0.23
0.0,0.0,0.0,0.0,0.0,0.0,0.0,0.0,0.24
0.0,0.0,0.0,0.0,0.0,0.0,0.0,0.0,0.26
0.0,0.0,0.0,0.0,0.0,0.0,0.0,0.0,0.27
0.0,0.0,0.0,0.0,0.0,0.0,0.0,0.0,0.29
0.0,0.0,0.0,0.0,0.0,0.0,0.0,0.0,0.3
0.0,0.0,0.0,0.0,0.0,0.0,0.0,0.0,0.31
0.0,0.0,0.0,0.0,0.0,0.0,0.0,0.0,0.33
0.0,0.0,0.0,0.0,0.0,0.0,0.0,0.0,0.34
0.0,0.0,0.0,0.0,0.0,0.0,0.0,0.0,0.36
0.0,0.0,0.0,0.0,0.0,0.0,0.0,0.0,0.37
0.0,0.0,0.0,0.0,0.0,0.0,0.0,0.0,0.39
0.0,0.0,0.0,0.0,0.0,0.0,0.0,0.0,0.41
0.0,0.0,0.0,0.0,0.0,0.0,0.0,0.0,0.42
0.0,0.0,0.0,0.0,0.0,0.0,0.0,0.0,0.44
0.0,0.0,0.0,0.0,0.0,0.0,0.0,0.0,0.45
0.0,0.0,0.0,0.0,0.0,0.0,0.0,0.0,0.47
0.0,0.0,0.0,0.0,0.0,0.0,0.0,0.0,0.48
0.0,0.0,0.0,0.0,0.0,0.0,0.0,0.0,0.5
0.0,0.0,0.0,0.0,0.0,0.0,0.0,0.0,0.51
0.0,0.0,0.0,0.0,0.0,0.0,0.0,0.0,0.53
0.0,0.0,0.0,0.0,0.0,0.0,0.0,0.0,0.54
0.0,0.0,0.0,0.0,0.0,0.0,0.0,0.0,0.56
0.0,0.0,0.0,0.0,0.0,0.0,0.0,0.0,0.57
0.0,0.0,0.0,0.0,0.0,0.0,0.0,0.0,0.59
0.0,0.0,0.0,0.0,0.0,0.0,0.0,0.0,0.6
0.0,0.0,0.0,0.0,0.0,0.0,0.0,0.0,0.62
0.0,0.0,0.0,0.0,0.0,0.0,0.0,0.0,0.63
0.0,0.0,0.0,0.0,0.0,0.0,0.0,0.0,0.65
0.0,0.0,0.0,0.0,0.0,0.0,0.0,0.0,0.66
0.0,0.0,0.0,0.0,0.0,0.0,0.0,0.0,0.67
0.0,0.0,0.0,0.0,0.0,0.0,0.0,0.0,0.69
0.0,0.0,0.0,0.0,0.0,0.0,0.0,0.0,0.7
0.0,0.0,0.0,0.0,0.0,0.0,0.0,0.0,0.72
0.0,0.0,0.0,0.0,0.0,0.0,0.0,0.0,0.73
0.0,0.0,0.0,0.0,0.0,0.0,0.0,0.0,0.75
0.0,0.0,0.0,0.0,0.0,0.0,0.0,0.0,0.76
0.0,0.0,0.0,0.0,0.0,0.0,0.0,0.0,0.78
0.0,0.0,0.0,0.0,0.0,0.0,0.0,0.0,0.79
0.0,0.0,0.0,0.0,0.0,0.0,0.0,0.0,0.81
0.0,0.0,0.0,0.0,0.0,0.0,0.0,0.0,0.82
0.0,0.0,0.0,0.0,0.0,0.0,0.0,0.0,0.84
0.0,0.0,0.0,0.0,0.0,0.0,0.0,0.0,0.85
0.0,0.0,0.0,0.0,0.0,0.0,0.0,0.0,0.87
0.0,0.0,0.0,0.0,0.0,0.0,0.0,0.0,0.88
0.0,0.0,0.0,0.0,0.0,0.0,0.0,0.0,0.91
0.0,0.0,0.0,0.0,0.0,0.0,0.0,0.0,0.92
0.0,0.0,0.0,0.0,0.0,0.0,0.0,0.0,0.94
0.0,0.0,0.0,0.0,0.0,0.0,0.0,0.0,0.95
0.0,0.0,0.0,0.0,0.0,0.0,0.0,0.0,0.97
0.0,0.0,0.0,0.0,0.0,0.0,0.0,0.0,0.98
0.0,0.0,0.0,0.0,0.0,0.0,0.0,0.0,0.99
0.0,0.0,0.0,0.0,0.0,0.0,0.0,0.0,1.01
0.0,0.0,0.0,0.0,0.0,0.0,0.0,0.0,1.02
0.0,0.0,0.0,0.0,0.0,0.0,0.0,0.0,1.04
0.0,0.0,0.0,0.0,0.0,0.0,0.0,0.0,1.05
0.0,0.0,0.0,0.0,0.0,0.0,0.0,0.0,1.07
0.0,0.0,0.0,0.0,0.0,0.0,0.0,0.0,1.08
0.0,0.0,0.0,0.0,0.0,0.0,0.0,0.0,1.1
0.0,0.0,0.0,0.0,0.0,0.0,0.0,0.0,1.11
0.0,0.0,0.0,0.0,0.0,0.0,0.0,0.0,1.13
0.0,0.0,0.0,0.0,0.0,0.0,0.0,0.0,1.14
0.0,0.0,0.0,0.0,0.0,0.0,0.0,0.0,1.16
0.0,0.0,0.0,0.0,0.0,0.0,0.0,0.0,1.17
0.0,0.0,0.0,0.0,0.0,0.0,0.0,0.0,1.19
0.0,0.0,0.0,0.0,0.0,0.0,0.0,0.0,1.2
0.0,0.0,0.0,0.0,0.0,0.0,0.0,0.0,1.22
0.0,0.0,0.0,0.0,0.0,0.0,0.0,0.0,1.23
0.0,0.0,0.0,0.0,0.0,0.0,0.0,0.0,1.25
0.0,0.0,0.0,0.0,0.0,0.0,0.0,0.0,1.26
0.0,0.0,0.0,0.0,0.0,0.0,0.0,0.0,1.28
0.0,0.0,0.0,0.0,0.0,0.0,0.0,0.0,1.29
0.0,0.0,0.0,0.0,0.0,0.0,0.0,0.0,1.31
0.0,0.0,0.0,0.0,0.0,0.0,0.0,0.0,1.32
0.0,0.0,0.0,0.0,0.0,0.0,0.0,0.0,1.34
0.0,0.0,0.0,0.0,0.0,0.0,0.0,0.0,1.35
0.0,0.0,0.0,0.0,0.0,0.0,0.0,0.0,1.37
0.0,0.0,0.0,0.0,0.0,0.0,0.0,0.0,1.38
0.0,0.0,0.0,0.0,0.0,0.0,0.0,0.0,1.4
0.0,0.0,0.0,0.0,0.0,0.0,0.0,0.0,1.41
0.0,0.0,0.0,0.0,0.0,0.0,0.0,0.0,1.43
0.0,0.0,0.0,0.0,0.0,0.0,0.0,0.0,1.44
0.0,0.0,0.0,0.0,0.0,0.0,0.0,0.0,1.46
0.0,0.0,0.0,0.0,0.0,0.0,0.0,0.0,1.47
0.0,0.0,0.0,0.0,0.0,0.0,0.0,0.0,1.49
0.0,0.0,0.0,0.0,0.0,0.0,0.0,0.0,1.5
0.0,0.0,0.0,0.0,0.0,0.0,0.0,0.0,1.51
0.0,0.0,0.0,0.0,0.0,0.0,0.0,0.0,1.53
0.0,0.0,0.0,0.0,0.0,0.0,0.0,0.0,1.54
0.0,0.0,0.0,0.0,0.0,0.0,0.0,0.0,1.56
0.0,0.0,0.0,0.0,0.0,0.0,0.0,0.0,1.57
0.0,0.0,0.0,0.0,0.0,0.0,0.0,0.0,1.59
0.0,0.0,1.0,0.0,0.0,0.0,0.0,0.0,1.6
0.0,0.0,1.0,0.0,0.0,0.0,0.0,0.0,1.62
0.0,0.0,1.0,0.0,0.0,0.0,0.0,0.0,1.63
0.0,0.0,1.0,0.0,0.0,0.0,0.0,0.0,1.64
0.0,0.0,1.0,0.0,0.0,0.0,0.0,0.0,1.66
0.0,0.0,1.0,0.0,0.0,0.0,0.0,0.0,1.67
0.0,0.0,1.0,0.0,0.0,0.0,0.0,0.0,1.69
0.0,0.0,1.0,0.0,0.0,0.0,0.0,0.0,1.7
0.0,0.0,1.0,0.0,0.0,0.0,0.0,0.0,1.71
0.0,0.0,1.0,0.0,0.0,0.0,0.0,0.0,1.73
0.0,0.0,1.0,0.0,0.0,0.0,0.0,0.0,1.74
0.0,0.0,1.0,0.0,0.0,0.0,0.0,0.0,1.76
0.0,0.0,1.0,0.0,0.0,0.0,0.0,0.0,1.77
0.0,0.0,1.0,0.0,1.0,0.0,0.0,0.0,1.78
0.0,0.0,1.0,0.0,1.0,0.0,0.0,0.0,1.8
0.0,0.0,1.0,0.0,1.0,0.0,0.0,0.0,1.81
0.0,0.0,1.0,0.0,1.0,0.0,0.0,0.0,1.82
0.0,0.0,1.0,0.0,1.0,0.0,0.0,0.0,1.84
0.0,0.0,1.0,0.0,1.0,0.0,0.0,0.0,1.85
0.0,0.0,1.0,0.0,1.0,0.0,0.0,0.0,1.87
0.0,0.0,1.0,0.0,1.0,0.0,0.0,0.0,1.88
0.0,0.0,1.0,0.0,1.0,0.0,0.0,0.0,1.89
0.0,0.0,1.0,0.0,1.0,0.0,0.0,0.0,1.91
0.0,0.0,1.0,0.0,1.0,0.0,0.0,0.0,1.93
0.0,0.0,1.0,0.0,1.0,0.0,0.0,0.0,1.94
0.0,0.0,1.0,0.0,1.0,0.0,0.0,0.0,1.95
0.0,0.0,1.0,0.0,1.0,0.0,0.0,0.0,1.97
0.0,0.0,1.0,0.0,1.0,0.0,0.0,0.0,1.98
0.0,0.0,1.0,0.0,1.0,0.0,0.0,0.0,2.0
0.0,0.0,1.0,0.0,1.0,0.0,0.0,0.0,2.01
0.0,0.0,1.0,0.0,1.0,0.0,0.0,0.0,2.02
0.0,0.0,1.0,0.0,1.0,0.0,0.0,0.0,2.04
0.0,0.0,1.0,0.0,1.0,0.0,0.0,0.0,2.05
0.0,0.0,1.0,0.0,1.0,0.0,0.0,0.0,2.06
0.0,0.0,1.0,0.0,1.0,0.0,0.0,0.0,2.08
0.0,0.0,1.0,0.0,1.0,0.0,0.0,0.0,2.09
0.0,0.0,1.0,0.0,1.0,0.0,0.0,0.0,2.11
0.0,0.0,1.0,0.0,0.0,0.0,0.0,0.0,2.12
0.0,0.0,1.0,0.0,0.0,0.0,0.0,0.0,2.13
0.0,0.0,1.0,0.0,0.0,0.0,0.0,0.0,2.15
0.0,0.0,1.0,0.0,0.0,0.0,0.0,0.0,2.16
0.0,0.0,1.0,0.0,0.0,0.0,0.0,0.0,2.17
0.0,0.0,1.0,0.0,0.0,0.0,0.0,0.0,2.2
0.0,0.0,1.0,0.0,0.0,0.0,0.0,0.0,2.22
0.0,0.0,1.0,0.0,0.0,0.0,0.0,0.0,2.23
0.0,0.0,1.0,0.0,0.0,0.0,0.0,0.0,2.25
0.0,0.0,1.0,0.0,0.0,0.0,0.0,0.0,2.26
0.0,0.0,1.0,0.0,0.0,0.0,0.0,0.0,2.27
0.0,0.0,1.0,0.0,0.0,0.0,0.0,0.0,2.29
0.0,0.0,1.0,0.0,0.0,0.0,0.0,0.0,2.3
0.0,0.0,0.0,0.0,0.0,0.0,0.0,0.0,2.31
0.0,0.0,0.0,0.0,0.0,0.0,0.0,0.0,2.33
0.0,0.0,0.0,0.0,0.0,0.0,0.0,0.0,2.34
0.0,0.0,0.0,0.0,0.0,0.0,0.0,0.0,2.36
0.0,0.0,0.0,0.0,0.0,0.0,0.0,0.0,2.37
0.0,0.0,0.0,0.0,0.0,0.0,0.0,0.0,2.38
0.0,0.0,0.0,0.0,0.0,0.0,0.0,0.0,2.4
0.0,0.0,0.0,0.0,0.0,0.0,0.0,0.0,2.41
0.0,0.0,0.0,0.0,0.0,0.0,0.0,0.0,2.43
0.0,0.0,0.0,0.0,0.0,0.0,0.0,0.0,2.44
0.0,0.0,0.0,0.0,0.0,0.0,0.0,0.0,2.45
0.0,0.0,0.0,0.0,0.0,0.0,0.0,0.0,2.47
0.0,0.0,0.0,0.0,0.0,0.0,0.0,0.0,2.48
0.0,0.0,0.0,0.0,0.0,0.0,0.0,0.0,2.5
0.0,0.0,0.0,0.0,0.0,0.0,0.0,0.0,2.51
0.0,0.0,0.0,0.0,0.0,0.0,0.0,0.0,2.53
0.0,0.0,0.0,0.0,0.0,0.0,0.0,0.0,2.54
0.0,0.0,0.0,0.0,0.0,0.0,0.0,0.0,2.56
0.0,0.0,0.0,0.0,0.0,0.0,0.0,0.0,2.57
0.0,0.0,0.0,0.0,0.0,0.0,0.0,0.0,2.58
0.0,0.0,0.0,0.0,0.0,0.0,0.0,0.0,2.6
0.0,0.0,0.0,0.0,0.0,0.0,0.0,0.0,2.61
0.0,0.0,0.0,0.0,0.0,0.0,0.0,0.0,2.62
0.0,0.0,0.0,0.0,0.0,0.0,0.0,0.0,2.64
0.0,0.0,0.0,0.0,0.0,0.0,0.0,0.0,2.65
0.0,0.0,0.0,0.0,0.0,0.0,0.0,0.0,2.66
0.0,0.0,0.0,0.0,0.0,0.0,0.0,0.0,2.68
0.0,0.0,0.0,0.0,0.0,0.0,0.0,0.0,2.69
0.0,0.0,0.0,0.0,0.0,0.0,0.0,0.0,2.71
0.0,0.0,0.0,0.0,0.0,0.0,0.0,0.0,2.72
0.0,0.0,0.0,0.0,0.0,0.0,0.0,0.0,2.73
0.0,0.0,0.0,0.0,0.0,0.0,0.0,0.0,2.75
0.0,0.0,0.0,0.0,0.0,0.0,0.0,0.0,2.76
0.0,0.0,0.0,0.0,0.0,0.0,0.0,0.0,2.78
0.0,0.0,0.0,0.0,0.0,0.0,0.0,0.0,2.79
0.0,0.0,0.0,0.0,0.0,0.0,0.0,0.0,2.8
0.0,0.0,0.0,0.0,0.0,0.0,0.0,0.0,2.82
0.0,0.0,0.0,0.0,0.0,0.0,0.0,0.0,2.83
0.0,0.0,0.0,0.0,0.0,0.0,0.0,0.0,2.84
0.0,0.0,1.0,0.0,0.0,0.0,0.0,0.0,2.86
0.0,0.0,1.0,0.0,0.0,0.0,0.0,0.0,2.87
0.0,0.0,1.0,0.0,0.0,0.0,0.0,0.0,2.89
0.0,0.0,1.0,0.0,0.0,0.0,0.0,0.0,2.91
0.0,0.0,1.0,0.0,0.0,0.0,0.0,0.0,2.93
0.0,0.0,1.0,0.0,0.0,0.0,0.0,0.0,2.94
0.0,0.0,1.0,0.0,0.0,0.0,0.0,0.0,2.95
0.0,0.0,1.0,0.0,0.0,0.0,0.0,0.0,2.97
0.0,0.0,1.0,0.0,0.0,0.0,0.0,0.0,2.98
0.0,0.0,1.0,0.0,0.0,0.0,0.0,0.0,3.0
0.0,0.0,1.0,0.0,0.0,0.0,0.0,0.0,3.01
0.0,0.0,1.0,0.0,0.0,0.0,0.0,0.0,3.02
0.0,0.0,1.0,0.0,0.0,0.0,0.0,0.0,3.04
0.0,0.0,1.0,0.0,0.0,0.0,0.0,0.0,3.05
0.0,0.0,1.0,0.0,0.0,0.0,0.0,0.0,3.07
0.0,0.0,1.0,0.0,0.0,0.0,0.0,0.0,3.08
0.0,0.0,1.0,0.0,0.0,0.0,0.0,0.0,3.09
0.0,0.0,0.0,0.0,0.0,0.0,0.0,0.0,3.11
0.0,0.0,0.0,0.0,0.0,0.0,0.0,0.0,3.12
0.0,0.0,0.0,0.0,0.0,0.0,0.0,0.0,3.14
0.0,0.0,0.0,0.0,0.0,0.0,0.0,0.0,3.15
0.0,0.0,0.0,0.0,0.0,0.0,0.0,0.0,3.16
0.0,0.0,0.0,0.0,0.0,0.0,0.0,0.0,3.18
0.0,0.0,0.0,0.0,0.0,0.0,0.0,0.0,3.19
0.0,0.0,0.0,0.0,0.0,0.0,0.0,0.0,3.21
0.0,0.0,0.0,0.0,0.0,0.0,0.0,0.0,3.22
0.0,0.0,0.0,0.0,0.0,0.0,0.0,0.0,3.23
0.0,0.0,0.0,0.0,0.0,0.0,0.0,0.0,3.25
0.0,0.0,0.0,0.0,0.0,0.0,0.0,0.0,3.26
0.0,0.0,0.0,0.0,0.0,0.0,0.0,0.0,3.28
0.0,0.0,0.0,0.0,0.0,0.0,0.0,0.0,3.29
0.0,0.0,0.0,0.0,0.0,0.0,0.0,0.0,3.31
0.0,0.0,0.0,0.0,0.0,0.0,0.0,0.0,3.32
0.0,0.0,0.0,0.0,0.0,0.0,0.0,0.0,3.34
0.0,0.0,0.0,0.0,0.0,0.0,0.0,0.0,3.35
0.0,0.0,0.0,0.0,0.0,0.0,0.0,0.0,3.37
0.0,0.0,0.0,0.0,0.0,0.0,0.0,0.0,3.38
0.0,0.0,0.0,0.0,0.0,0.0,0.0,0.0,3.39
0.0,0.0,0.0,0.0,0.0,0.0,0.0,0.0,3.41
0.0,0.0,0.0,0.0,0.0,0.0,0.0,0.0,3.42
0.0,0.0,0.0,0.0,0.0,0.0,0.0,0.0,3.44
0.0,0.0,0.0,0.0,0.0,0.0,0.0,0.0,3.45
0.0,0.0,0.0,0.0,0.0,0.0,0.0,0.0,3.47
0.0,0.0,0.0,0.0,0.0,0.0,0.0,0.0,3.48
0.0,0.0,0.0,0.0,0.0,0.0,0.0,0.0,3.49
0.0,0.0,0.0,0.0,0.0,0.0,0.0,0.0,3.51
0.0,0.0,0.0,0.0,0.0,0.0,0.0,0.0,3.52
0.0,0.0,0.0,0.0,0.0,0.0,0.0,0.0,3.54
0.0,0.0,0.0,0.0,0.0,0.0,0.0,0.0,3.55
0.0,0.0,0.0,0.0,0.0,0.0,0.0,0.0,3.56
0.0,0.0,0.0,0.0,0.0,0.0,0.0,0.0,3.58
0.0,0.0,0.0,0.0,0.0,0.0,0.0,0.0,3.59
0.0,0.0,0.0,0.0,0.0,0.0,0.0,0.0,3.61
0.0,0.0,0.0,0.0,0.0,0.0,0.0,0.0,3.62
0.0,0.0,0.0,0.0,0.0,0.0,0.0,0.0,3.63
0.0,0.0,0.0,0.0,0.0,0.0,0.0,0.0,3.65
0.0,0.0,0.0,0.0,0.0,0.0,0.0,0.0,3.66
0.0,0.0,0.0,0.0,0.0,0.0,0.0,0.0,3.68
0.0,0.0,0.0,0.0,0.0,0.0,0.0,0.0,3.69
0.0,0.0,0.0,0.0,0.0,0.0,0.0,0.0,3.71
0.0,0.0,0.0,0.0,0.0,0.0,0.0,0.0,3.72
0.0,0.0,0.0,0.0,1.0,0.0,0.0,0.0,3.74
0.0,0.0,0.0,0.0,1.0,0.0,0.0,0.0,3.75
0.0,0.0,0.0,0.0,1.0,0.0,0.0,0.0,3.76
0.0,0.0,0.0,0.0,1.0,0.0,0.0,0.0,3.78
0.0,0.0,0.0,0.0,1.0,0.0,0.0,0.0,3.8
0.0,0.0,0.0,0.0,1.0,0.0,0.0,0.0,3.82
0.0,0.0,0.0,0.0,1.0,0.0,0.0,0.0,3.83
0.0,0.0,0.0,0.0,1.0,0.0,0.0,0.0,3.85
0.0,0.0,0.0,0.0,1.0,0.0,0.0,0.0,3.87
0.0,0.0,0.0,0.0,1.0,0.0,0.0,0.0,3.88
0.0,0.0,0.0,0.0,1.0,0.0,0.0,0.0,3.89
0.0,0.0,0.0,0.0,1.0,0.0,0.0,0.0,3.91
0.0,0.0,0.0,0.0,1.0,0.0,0.0,0.0,3.92
0.0,0.0,0.0,0.0,1.0,0.0,0.0,0.0,3.94
0.0,0.0,0.0,0.0,1.0,0.0,0.0,0.0,3.95
0.0,0.0,0.0,0.0,1.0,0.0,0.0,0.0,3.96
0.0,0.0,0.0,0.0,1.0,0.0,0.0,0.0,3.98
0.0,0.0,0.0,0.0,1.0,0.0,0.0,0.0,3.99
0.0,0.0,0.0,0.0,1.0,0.0,0.0,0.0,4.01
0.0,0.0,0.0,0.0,1.0,0.0,0.0,0.0,4.02
0.0,0.0,0.0,0.0,1.0,0.0,0.0,0.0,4.04
0.0,0.0,0.0,0.0,1.0,0.0,0.0,0.0,4.05
0.0,0.0,0.0,0.0,1.0,0.0,0.0,0.0,4.07
0.0,0.0,0.0,0.0,1.0,0.0,0.0,0.0,4.08
0.0,0.0,0.0,0.0,1.0,0.0,0.0,0.0,4.09
0.0,0.0,0.0,0.0,1.0,0.0,0.0,0.0,4.11
0.0,0.0,0.0,0.0,1.0,0.0,0.0,0.0,4.12
0.0,0.0,0.0,0.0,1.0,0.0,0.0,0.0,4.14
0.0,0.0,0.0,0.0,1.0,0.0,0.0,0.0,4.15
0.0,0.0,0.0,0.0,1.0,0.0,0.0,0.0,4.16
0.0,0.0,0.0,0.0,0.0,0.0,0.0,0.0,4.18
0.0,0.0,0.0,0.0,0.0,0.0,0.0,0.0,4.19
0.0,0.0,0.0,0.0,0.0,0.0,0.0,0.0,4.21
0.0,0.0,0.0,0.0,0.0,0.0,0.0,0.0,4.22
0.0,0.0,0.0,0.0,0.0,0.0,0.0,0.0,4.23
0.0,0.0,0.0,0.0,0.0,0.0,0.0,0.0,4.25
0.0,0.0,0.0,0.0,0.0,0.0,0.0,0.0,4.26
0.0,0.0,0.0,0.0,0.0,0.0,0.0,0.0,4.28
0.0,0.0,0.0,0.0,0.0,0.0,0.0,0.0,4.29
0.0,0.0,0.0,0.0,0.0,0.0,0.0,0.0,4.31
0.0,0.0,0.0,0.0,0.0,0.0,0.0,0.0,4.32
0.0,0.0,0.0,0.0,0.0,0.0,0.0,0.0,4.33
0.0,0.0,0.0,0.0,0.0,0.0,0.0,0.0,4.35
0.0,0.0,0.0,0.0,1.0,0.0,0.0,0.0,4.36
0.0,0.0,0.0,0.0,1.0,0.0,0.0,0.0,4.38
0.0,0.0,0.0,0.0,1.0,0.0,0.0,0.0,4.39
0.0,0.0,0.0,0.0,1.0,0.0,0.0,0.0,4.41
0.0,0.0,0.0,0.0,1.0,0.0,0.0,0.0,4.42
0.0,0.0,0.0,0.0,1.0,0.0,0.0,0.0,4.44
0.0,0.0,0.0,0.0,1.0,0.0,0.0,0.0,4.46
0.0,0.0,0.0,0.0,1.0,0.0,0.0,0.0,4.47
0.0,0.0,0.0,0.0,1.0,0.0,0.0,0.0,4.49
0.0,0.0,0.0,0.0,1.0,0.0,0.0,0.0,4.5
0.0,0.0,0.0,0.0,1.0,0.0,0.0,0.0,4.51
0.0,0.0,0.0,0.0,1.0,0.0,0.0,0.0,4.53
0.0,0.0,0.0,0.0,1.0,0.0,0.0,0.0,4.54
0.0,0.0,0.0,0.0,1.0,0.0,0.0,0.0,4.56
0.0,0.0,0.0,0.0,1.0,0.0,0.0,0.0,4.57
0.0,0.0,0.0,0.0,1.0,0.0,0.0,0.0,4.59
0.0,0.0,0.0,0.0,1.0,0.0,0.0,0.0,4.61
0.0,0.0,0.0,0.0,1.0,0.0,0.0,0.0,4.62
0.0,0.0,0.0,0.0,1.0,0.0,0.0,0.0,4.64
0.0,0.0,0.0,0.0,1.0,0.0,0.0,0.0,4.65
0.0,0.0,0.0,0.0,1.0,0.0,0.0,0.0,4.66
0.0,0.0,0.0,0.0,1.0,0.0,0.0,0.0,4.68
0.0,0.0,0.0,0.0,1.0,0.0,0.0,0.0,4.69
0.0,0.0,0.0,0.0,1.0,0.0,0.0,0.0,4.71
0.0,0.0,0.0,0.0,1.0,0.0,0.0,0.0,4.72
0.0,0.0,0.0,0.0,1.0,0.0,0.0,0.0,4.73
0.0,0.0,0.0,0.0,1.0,0.0,0.0,0.0,4.75
0.0,0.0,0.0,0.0,1.0,0.0,0.0,0.0,4.76
0.0,0.0,0.0,0.0,1.0,0.0,0.0,0.0,4.77
0.0,0.0,0.0,0.0,1.0,0.0,0.0,0.0,4.79
0.0,0.0,0.0,0.0,1.0,0.0,0.0,0.0,4.8
0.0,0.0,0.0,0.0,1.0,0.0,0.0,0.0,4.82
0.0,0.0,0.0,0.0,1.0,0.0,0.0,0.0,4.83
0.0,0.0,0.0,0.0,1.0,0.0,0.0,0.0,4.84
0.0,0.0,0.0,0.0,1.0,0.0,0.0,0.0,4.86
0.0,0.0,0.0,0.0,1.0,0.0,0.0,0.0,4.87
0.0,0.0,0.0,0.0,1.0,0.0,0.0,0.0,4.89
0.0,0.0,0.0,0.0,1.0,0.0,0.0,0.0,4.9
0.0,0.0,0.0,0.0,1.0,0.0,0.0,0.0,4.91
0.0,0.0,0.0,0.0,1.0,0.0,0.0,0.0,4.93
0.0,0.0,0.0,0.0,1.0,0.0,0.0,0.0,4.94
0.0,0.0,0.0,0.0,1.0,0.0,0.0,0.0,4.96
0.0,0.0,0.0,0.0,1.0,0.0,0.0,0.0,4.97
0.0,0.0,0.0,0.0,1.0,0.0,0.0,0.0,4.98
0.0,0.0,0.0,0.0,1.0,0.0,0.0,0.0,5.0
0.0,0.0,0.0,0.0,1.0,0.0,0.0,0.0,5.01
0.0,0.0,0.0,0.0,1.0,0.0,0.0,0.0,5.03
0.0,0.0,0.0,0.0,1.0,0.0,0.0,0.0,5.04
0.0,0.0,0.0,0.0,1.0,0.0,0.0,0.0,5.05
0.0,0.0,0.0,0.0,1.0,0.0,0.0,0.0,5.07
0.0,0.0,0.0,0.0,1.0,0.0,0.0,0.0,5.08
0.0,0.0,0.0,0.0,1.0,0.0,0.0,0.0,5.1
0.0,0.0,0.0,0.0,1.0,0.0,0.0,0.0,5.11
0.0,0.0,0.0,0.0,1.0,0.0,0.0,0.0,5.13
0.0,0.0,0.0,0.0,1.0,0.0,0.0,0.0,5.14
0.0,0.0,0.0,0.0,1.0,0.0,0.0,0.0,5.16
0.0,0.0,0.0,0.0,1.0,0.0,0.0,0.0,5.17
0.0,0.0,0.0,0.0,1.0,0.0,0.0,0.0,5.19
0.0,0.0,0.0,0.0,1.0,0.0,0.0,0.0,5.2
0.0,0.0,0.0,0.0,1.0,0.0,0.0,0.0,5.21
0.0,0.0,0.0,0.0,1.0,0.0,0.0,0.0,5.23
0.0,0.0,0.0,0.0,1.0,0.0,0.0,0.0,5.24
0.0,0.0,0.0,0.0,1.0,0.0,0.0,0.0,5.25
0.0,0.0,0.0,0.0,1.0,0.0,0.0,0.0,5.27
0.0,0.0,0.0,0.0,1.0,0.0,0.0,0.0,5.28
0.0,0.0,0.0,0.0,1.0,0.0,0.0,0.0,5.3
0.0,0.0,0.0,0.0,1.0,0.0,0.0,0.0,5.31
0.0,0.0,0.0,0.0,1.0,0.0,0.0,0.0,5.32
0.0,0.0,0.0,0.0,1.0,0.0,0.0,0.0,5.34
0.0,0.0,0.0,0.0,1.0,0.0,0.0,0.0,5.35
0.0,0.0,0.0,0.0,1.0,0.0,0.0,0.0,5.38
0.0,0.0,0.0,0.0,1.0,0.0,0.0,0.0,5.39
0.0,0.0,0.0,0.0,1.0,0.0,0.0,0.0,5.41
0.0,0.0,0.0,0.0,1.0,0.0,0.0,0.0,5.42
0.0,0.0,0.0,0.0,1.0,0.0,0.0,0.0,5.44
0.0,0.0,0.0,0.0,1.0,0.0,0.0,0.0,5.45
0.0,0.0,0.0,0.0,1.0,0.0,0.0,0.0,5.46
0.0,0.0,0.0,0.0,1.0,0.0,0.0,0.0,5.48
0.0,0.0,0.0,0.0,1.0,0.0,0.0,0.0,5.49
0.0,0.0,0.0,0.0,1.0,0.0,0.0,0.0,5.51
0.0,0.0,0.0,0.0,1.0,0.0,0.0,0.0,5.52
0.0,0.0,0.0,0.0,1.0,0.0,0.0,0.0,5.53
0.0,0.0,0.0,0.0,1.0,0.0,0.0,0.0,5.55
0.0,0.0,0.0,0.0,1.0,0.0,0.0,0.0,5.56
0.0,0.0,0.0,0.0,1.0,0.0,0.0,0.0,5.58
0.0,0.0,0.0,0.0,1.0,0.0,0.0,0.0,5.59
0.0,0.0,0.0,0.0,1.0,0.0,0.0,0.0,5.61
0.0,0.0,0.0,0.0,1.0,0.0,0.0,0.0,5.62
0.0,0.0,0.0,0.0,1.0,0.0,0.0,0.0,5.64
0.0,0.0,0.0,0.0,1.0,0.0,0.0,0.0,5.65
0.0,0.0,0.0,0.0,1.0,0.0,0.0,0.0,5.66
0.0,0.0,0.0,0.0,1.0,0.0,0.0,0.0,5.68
0.0,0.0,0.0,0.0,1.0,0.0,0.0,0.0,5.69
0.0,0.0,0.0,0.0,1.0,0.0,0.0,0.0,5.71
0.0,0.0,0.0,0.0,1.0,0.0,0.0,0.0,5.72
0.0,0.0,0.0,0.0,1.0,0.0,0.0,0.0,5.73
0.0,0.0,0.0,0.0,1.0,0.0,0.0,0.0,5.75
0.0,0.0,0.0,0.0,1.0,0.0,0.0,0.0,5.76
0.0,0.0,0.0,0.0,1.0,0.0,0.0,0.0,5.78
0.0,0.0,0.0,0.0,1.0,0.0,0.0,0.0,5.79
0.0,0.0,0.0,0.0,1.0,0.0,0.0,0.0,5.81
0.0,0.0,0.0,0.0,1.0,0.0,0.0,0.0,5.82
0.0,0.0,0.0,0.0,1.0,0.0,0.0,0.0,5.83
0.0,0.0,0.0,0.0,1.0,0.0,0.0,0.0,5.85
0.0,0.0,0.0,0.0,1.0,0.0,0.0,0.0,5.86
0.0,0.0,0.0,0.0,1.0,0.0,0.0,0.0,5.88
0.0,0.0,0.0,0.0,1.0,0.0,0.0,0.0,5.89
0.0,0.0,0.0,0.0,1.0,0.0,0.0,0.0,5.91
0.0,0.0,0.0,0.0,1.0,0.0,0.0,0.0,5.92
0.0,0.0,0.0,0.0,1.0,0.0,0.0,0.0,5.93
0.0,0.0,0.0,0.0,1.0,0.0,0.0,0.0,5.95
0.0,0.0,0.0,0.0,1.0,0.0,0.0,0.0,5.96
0.0,0.0,0.0,0.0,1.0,0.0,0.0,0.0,5.98
0.0,0.0,0.0,0.0,1.0,0.0,0.0,0.0,5.99
0.0,0.0,0.0,0.0,1.0,0.0,0.0,0.0,6.01
0.0,0.0,0.0,0.0,1.0,0.0,0.0,0.0,6.02
0.0,0.0,0.0,0.0,1.0,0.0,0.0,0.0,6.04
0.0,0.0,0.0,0.0,1.0,0.0,0.0,0.0,6.05
0.0,0.0,0.0,0.0,1.0,0.0,0.0,0.0,6.06
0.0,0.0,0.0,0.0,1.0,0.0,0.0,0.0,6.08
0.0,0.0,0.0,0.0,1.0,0.0,0.0,0.0,6.09
0.0,0.0,0.0,0.0,1.0,0.0,0.0,0.0,6.1
0.0,0.0,0.0,0.0,1.0,0.0,0.0,0.0,6.12
0.0,0.0,0.0,0.0,1.0,0.0,0.0,0.0,6.13
0.0,0.0,0.0,0.0,1.0,0.0,0.0,0.0,6.15
0.0,0.0,0.0,0.0,1.0,0.0,0.0,0.0,6.16
0.0,0.0,0.0,0.0,1.0,0.0,0.0,0.0,6.17
0.0,0.0,0.0,0.0,1.0,0.0,0.0,0.0,6.19
0.0,0.0,0.0,0.0,1.0,0.0,0.0,0.0,6.2
0.0,0.0,0.0,0.0,1.0,0.0,0.0,0.0,6.21
0.0,0.0,0.0,0.0,1.0,0.0,0.0,0.0,6.23
0.0,0.0,0.0,0.0,1.0,0.0,0.0,0.0,6.24
0.0,0.0,0.0,0.0,1.0,0.0,0.0,0.0,6.25
0.0,0.0,0.0,0.0,1.0,0.0,0.0,0.0,6.27
0.0,0.0,0.0,0.0,1.0,0.0,0.0,0.0,6.28
0.0,0.0,0.0,0.0,1.0,0.0,0.0,0.0,6.3
0.0,0.0,0.0,0.0,1.0,0.0,0.0,0.0,6.31
0.0,0.0,0.0,0.0,1.0,0.0,0.0,0.0,6.32
0.0,0.0,0.0,0.0,1.0,0.0,0.0,0.0,6.34
0.0,0.0,0.0,0.0,1.0,0.0,0.0,0.0,6.35
0.0,0.0,0.0,0.0,1.0,0.0,0.0,0.0,6.37
0.0,0.0,0.0,0.0,1.0,0.0,0.0,0.0,6.38
0.0,0.0,0.0,0.0,1.0,0.0,0.0,0.0,6.39
0.0,0.0,0.0,0.0,1.0,0.0,0.0,0.0,6.41
0.0,0.0,0.0,0.0,1.0,0.0,0.0,0.0,6.42
0.0,0.0,0.0,0.0,1.0,0.0,0.0,0.0,6.44
0.0,0.0,0.0,0.0,1.0,0.0,0.0,0.0,6.46
0.0,0.0,0.0,0.0,1.0,0.0,0.0,0.0,6.47
0.0,0.0,0.0,0.0,1.0,0.0,0.0,0.0,6.49
0.0,0.0,0.0,0.0,1.0,0.0,0.0,0.0,6.5
0.0,0.0,0.0,0.0,1.0,0.0,0.0,0.0,6.51
0.0,0.0,0.0,0.0,1.0,0.0,0.0,0.0,6.53
0.0,0.0,0.0,0.0,1.0,0.0,0.0,0.0,6.55
0.0,0.0,0.0,0.0,1.0,0.0,0.0,0.0,6.56
0.0,0.0,0.0,0.0,1.0,0.0,0.0,0.0,6.57
0.0,0.0,0.0,0.0,1.0,0.0,0.0,0.0,6.59
0.0,0.0,0.0,0.0,1.0,0.0,0.0,0.0,6.6
0.0,0.0,0.0,0.0,1.0,0.0,0.0,0.0,6.62
0.0,0.0,0.0,0.0,1.0,0.0,0.0,0.0,6.63
0.0,0.0,0.0,0.0,1.0,0.0,0.0,0.0,6.64
0.0,0.0,0.0,0.0,1.0,0.0,0.0,0.0,6.66
0.0,0.0,0.0,0.0,1.0,0.0,0.0,0.0,6.68
0.0,0.0,0.0,0.0,1.0,0.0,0.0,0.0,6.7
0.0,0.0,0.0,0.0,1.0,0.0,0.0,0.0,6.72
0.0,0.0,0.0,0.0,1.0,0.0,0.0,0.0,6.73
0.0,0.0,0.0,0.0,1.0,0.0,0.0,0.0,6.75
0.0,0.0,0.0,0.0,1.0,0.0,0.0,0.0,6.76
0.0,0.0,0.0,0.0,1.0,0.0,0.0,0.0,6.78
0.0,0.0,0.0,0.0,1.0,0.0,0.0,0.0,6.79
0.0,0.0,0.0,0.0,1.0,0.0,0.0,0.0,6.8
0.0,0.0,0.0,0.0,1.0,0.0,0.0,0.0,6.82
0.0,0.0,0.0,0.0,1.0,0.0,0.0,0.0,6.83
0.0,0.0,0.0,0.0,1.0,0.0,0.0,0.0,6.85
0.0,0.0,0.0,0.0,1.0,0.0,0.0,0.0,6.86
0.0,0.0,0.0,0.0,1.0,0.0,0.0,0.0,6.88
0.0,0.0,0.0,0.0,1.0,0.0,0.0,0.0,6.89
0.0,0.0,0.0,0.0,1.0,0.0,0.0,0.0,6.91
0.0,0.0,0.0,0.0,1.0,0.0,0.0,0.0,6.92
0.0,0.0,0.0,0.0,1.0,0.0,0.0,0.0,6.94
0.0,0.0,0.0,0.0,1.0,0.0,0.0,0.0,6.95
0.0,0.0,0.0,0.0,1.0,0.0,0.0,0.0,6.97
0.0,0.0,0.0,0.0,1.0,0.0,0.0,0.0,6.98
0.0,0.0,0.0,0.0,1.0,0.0,0.0,0.0,7.0
0.0,0.0,0.0,0.0,1.0,0.0,0.0,0.0,7.01
0.0,0.0,0.0,0.0,1.0,0.0,0.0,0.0,7.03
0.0,0.0,0.0,0.0,1.0,0.0,0.0,0.0,7.04
0.0,0.0,0.0,0.0,1.0,0.0,0.0,0.0,7.06
0.0,0.0,0.0,0.0,1.0,0.0,0.0,0.0,7.07
0.0,0.0,0.0,0.0,1.0,0.0,0.0,0.0,7.09
0.0,0.0,0.0,0.0,1.0,0.0,0.0,0.0,7.1
0.0,0.0,0.0,0.0,1.0,0.0,0.0,0.0,7.13
0.0,0.0,0.0,0.0,1.0,0.0,0.0,0.0,7.15
0.0,0.0,0.0,0.0,1.0,0.0,0.0,0.0,7.16
0.0,0.0,0.0,0.0,1.0,0.0,0.0,0.0,7.18
0.0,0.0,0.0,0.0,1.0,0.0,0.0,0.0,7.19
0.0,0.0,0.0,0.0,1.0,0.0,0.0,0.0,7.21
0.0,0.0,0.0,0.0,1.0,0.0,0.0,0.0,7.22
0.0,0.0,0.0,0.0,1.0,0.0,0.0,0.0,7.23
0.0,0.0,0.0,0.0,1.0,0.0,0.0,0.0,7.25
0.0,0.0,0.0,0.0,1.0,0.0,0.0,0.0,7.26
0.0,0.0,0.0,0.0,1.0,0.0,0.0,0.0,7.28
0.0,0.0,0.0,0.0,1.0,0.0,0.0,0.0,7.29
0.0,0.0,0.0,0.0,1.0,0.0,0.0,0.0,7.31
0.0,0.0,0.0,0.0,1.0,0.0,0.0,0.0,7.32
0.0,0.0,0.0,0.0,1.0,0.0,0.0,0.0,7.34
0.0,0.0,0.0,0.0,1.0,0.0,0.0,0.0,7.35
0.0,0.0,0.0,0.0,1.0,0.0,0.0,0.0,7.36
0.0,0.0,0.0,0.0,1.0,0.0,0.0,0.0,7.38
0.0,0.0,0.0,0.0,1.0,0.0,0.0,0.0,7.39
0.0,0.0,0.0,0.0,1.0,0.0,0.0,0.0,7.41
0.0,0.0,0.0,0.0,1.0,0.0,0.0,0.0,7.42
0.0,0.0,0.0,0.0,1.0,0.0,0.0,0.0,7.43
0.0,0.0,0.0,0.0,1.0,0.0,0.0,0.0,7.45
0.0,0.0,0.0,0.0,1.0,0.0,0.0,0.0,7.46
0.0,0.0,0.0,0.0,1.0,0.0,0.0,0.0,7.48
0.0,0.0,0.0,0.0,1.0,0.0,0.0,0.0,7.49
0.0,0.0,0.0,0.0,1.0,0.0,0.0,0.0,7.51
0.0,0.0,0.0,0.0,1.0,0.0,0.0,0.0,7.52
0.0,0.0,0.0,0.0,1.0,0.0,0.0,0.0,7.53
0.0,0.0,0.0,0.0,1.0,0.0,0.0,0.0,7.55
0.0,0.0,0.0,0.0,1.0,0.0,0.0,0.0,7.56
0.0,0.0,0.0,0.0,1.0,0.0,0.0,0.0,7.58
0.0,0.0,0.0,0.0,1.0,0.0,0.0,0.0,7.59
0.0,0.0,0.0,0.0,1.0,0.0,0.0,0.0,7.6
0.0,0.0,0.0,0.0,1.0,0.0,0.0,0.0,7.62
0.0,0.0,0.0,0.0,1.0,0.0,0.0,0.0,7.63
0.0,0.0,0.0,0.0,1.0,0.0,0.0,0.0,7.65
0.0,0.0,0.0,0.0,1.0,0.0,0.0,0.0,7.66
0.0,0.0,0.0,0.0,1.0,0.0,0.0,0.0,7.67
0.0,0.0,0.0,0.0,1.0,0.0,0.0,0.0,7.69
0.0,0.0,0.0,0.0,1.0,0.0,0.0,0.0,7.7
0.0,0.0,0.0,0.0,1.0,0.0,0.0,0.0,7.72
0.0,0.0,0.0,0.0,1.0,0.0,0.0,0.0,7.73
0.0,0.0,0.0,0.0,1.0,0.0,0.0,0.0,7.74
0.0,0.0,0.0,0.0,1.0,0.0,0.0,0.0,7.76
0.0,0.0,0.0,0.0,1.0,0.0,0.0,0.0,7.77
0.0,0.0,0.0,0.0,1.0,0.0,0.0,0.0,7.79
0.0,0.0,0.0,0.0,1.0,0.0,0.0,0.0,7.8
0.0,0.0,0.0,0.0,1.0,0.0,0.0,0.0,7.81
0.0,0.0,0.0,0.0,1.0,0.0,0.0,0.0,7.83
0.0,0.0,0.0,0.0,1.0,0.0,0.0,0.0,7.84
0.0,0.0,0.0,0.0,1.0,0.0,0.0,0.0,7.86
0.0,0.0,0.0,0.0,1.0,0.0,0.0,0.0,7.87
0.0,0.0,0.0,0.0,1.0,0.0,0.0,0.0,7.89
0.0,0.0,0.0,0.0,1.0,0.0,0.0,0.0,7.9
0.0,0.0,0.0,0.0,1.0,0.0,0.0,0.0,7.91
0.0,0.0,0.0,0.0,1.0,0.0,0.0,0.0,7.93
0.0,0.0,0.0,0.0,1.0,0.0,0.0,0.0,7.94
0.0,0.0,0.0,0.0,1.0,0.0,0.0,0.0,7.95
0.0,0.0,0.0,0.0,1.0,0.0,0.0,0.0,7.97
0.0,0.0,0.0,0.0,1.0,0.0,0.0,0.0,7.98
0.0,0.0,0.0,0.0,1.0,0.0,0.0,0.0,7.99
0.0,0.0,0.0,0.0,1.0,0.0,0.0,0.0,8.01
0.0,0.0,0.0,0.0,1.0,0.0,0.0,0.0,8.02
0.0,0.0,0.0,0.0,1.0,0.0,0.0,0.0,8.04
0.0,0.0,0.0,0.0,1.0,0.0,0.0,0.0,8.05
0.0,0.0,0.0,0.0,1.0,0.0,0.0,0.0,8.06
0.0,0.0,0.0,0.0,1.0,0.0,0.0,0.0,8.08
0.0,0.0,0.0,0.0,1.0,0.0,0.0,0.0,8.09
0.0,0.0,0.0,0.0,1.0,0.0,0.0,0.0,8.11
0.0,0.0,0.0,0.0,1.0,0.0,0.0,0.0,8.12
0.0,0.0,0.0,0.0,1.0,0.0,0.0,0.0,8.14
0.0,0.0,0.0,0.0,1.0,0.0,0.0,0.0,8.15
0.0,0.0,0.0,0.0,1.0,0.0,0.0,0.0,8.16
0.0,0.0,0.0,0.0,1.0,0.0,0.0,0.0,8.18
0.0,0.0,0.0,0.0,1.0,0.0,0.0,0.0,8.19
0.0,0.0,0.0,0.0,1.0,0.0,0.0,0.0,8.21
0.0,0.0,0.0,0.0,1.0,0.0,0.0,0.0,8.22
0.0,0.0,0.0,0.0,1.0,0.0,0.0,0.0,8.23
0.0,0.0,0.0,0.0,1.0,0.0,0.0,0.0,8.25
0.0,0.0,0.0,0.0,1.0,0.0,0.0,0.0,8.26
0.0,0.0,0.0,0.0,1.0,0.0,0.0,0.0,8.27
0.0,0.0,0.0,0.0,1.0,0.0,0.0,0.0,8.29
0.0,0.0,0.0,0.0,1.0,0.0,0.0,0.0,8.3
0.0,0.0,0.0,0.0,1.0,0.0,0.0,0.0,8.32
0.0,0.0,0.0,0.0,1.0,0.0,0.0,0.0,8.33
0.0,0.0,0.0,0.0,1.0,0.0,0.0,0.0,8.35
0.0,0.0,0.0,0.0,1.0,0.0,0.0,0.0,8.36
0.0,0.0,0.0,0.0,1.0,0.0,0.0,0.0,8.38
0.0,0.0,0.0,0.0,1.0,0.0,0.0,0.0,8.39
0.0,0.0,0.0,0.0,1.0,0.0,0.0,0.0,8.4
0.0,0.0,0.0,0.0,1.0,0.0,0.0,0.0,8.42
0.0,0.0,0.0,0.0,1.0,0.0,0.0,0.0,8.43
0.0,0.0,0.0,0.0,1.0,0.0,0.0,0.0,8.45
0.0,0.0,0.0,0.0,1.0,0.0,0.0,0.0,8.46
0.0,0.0,0.0,0.0,1.0,0.0,0.0,0.0,8.47
0.0,0.0,0.0,0.0,1.0,0.0,0.0,0.0,8.49
0.0,0.0,0.0,0.0,1.0,0.0,0.0,0.0,8.5
0.0,0.0,0.0,0.0,1.0,0.0,0.0,0.0,8.51
0.0,0.0,0.0,0.0,1.0,0.0,0.0,0.0,8.53
0.0,0.0,0.0,0.0,1.0,0.0,0.0,0.0,8.54
0.0,0.0,0.0,0.0,1.0,0.0,0.0,0.0,8.56
0.0,0.0,0.0,0.0,1.0,0.0,0.0,0.0,8.57
0.0,0.0,0.0,0.0,1.0,0.0,0.0,0.0,8.58
0.0,0.0,0.0,0.0,1.0,0.0,0.0,0.0,8.6
0.0,0.0,0.0,0.0,1.0,0.0,0.0,0.0,8.61
0.0,0.0,0.0,0.0,1.0,0.0,0.0,0.0,8.62
0.0,0.0,0.0,0.0,1.0,0.0,0.0,0.0,8.64
0.0,0.0,0.0,0.0,1.0,0.0,0.0,0.0,8.65
0.0,0.0,0.0,0.0,1.0,0.0,0.0,0.0,8.67
0.0,0.0,0.0,0.0,1.0,0.0,0.0,0.0,8.68
0.0,0.0,0.0,0.0,1.0,0.0,0.0,0.0,8.7
0.0,0.0,0.0,0.0,1.0,0.0,0.0,0.0,8.71
0.0,0.0,0.0,0.0,1.0,0.0,0.0,0.0,8.73
0.0,0.0,0.0,0.0,1.0,0.0,0.0,0.0,8.74
0.0,0.0,0.0,0.0,1.0,0.0,0.0,0.0,8.75
0.0,0.0,0.0,0.0,1.0,0.0,0.0,0.0,8.77
0.0,0.0,0.0,0.0,1.0,0.0,0.0,0.0,8.78
0.0,0.0,0.0,0.0,1.0,0.0,0.0,0.0,8.8
0.0,0.0,0.0,0.0,1.0,0.0,0.0,0.0,8.81
0.0,0.0,0.0,0.0,1.0,0.0,0.0,0.0,8.82
0.0,0.0,0.0,0.0,1.0,0.0,0.0,0.0,8.84
0.0,0.0,0.0,0.0,1.0,0.0,0.0,0.0,8.85
0.0,0.0,0.0,0.0,1.0,0.0,0.0,0.0,8.87
0.0,0.0,0.0,0.0,1.0,0.0,0.0,0.0,8.88
0.0,0.0,0.0,0.0,1.0,0.0,0.0,0.0,8.89
0.0,0.0,0.0,0.0,1.0,0.0,0.0,0.0,8.91
0.0,0.0,0.0,0.0,1.0,0.0,0.0,0.0,8.92
0.0,0.0,0.0,0.0,1.0,0.0,0.0,0.0,8.94
0.0,0.0,0.0,0.0,1.0,0.0,0.0,0.0,8.95
0.0,0.0,0.0,0.0,1.0,0.0,0.0,0.0,8.96
0.0,0.0,0.0,0.0,1.0,0.0,0.0,0.0,8.98
0.0,0.0,0.0,0.0,1.0,0.0,0.0,0.0,8.99
0.0,0.0,0.0,0.0,1.0,0.0,0.0,0.0,9.01
0.0,0.0,0.0,0.0,1.0,0.0,0.0,0.0,9.02
0.0,0.0,0.0,0.0,1.0,0.0,0.0,0.0,9.03
0.0,0.0,0.0,0.0,1.0,0.0,0.0,0.0,9.05
0.0,0.0,0.0,0.0,1.0,0.0,0.0,0.0,9.06
0.0,0.0,0.0,0.0,1.0,0.0,0.0,0.0,9.07
0.0,0.0,0.0,0.0,1.0,0.0,0.0,0.0,9.09
0.0,0.0,0.0,0.0,1.0,0.0,0.0,0.0,9.1
0.0,0.0,0.0,0.0,1.0,0.0,0.0,0.0,9.12
0.0,0.0,0.0,0.0,1.0,0.0,0.0,0.0,9.13
0.0,0.0,0.0,0.0,1.0,0.0,0.0,0.0,9.14
0.0,0.0,0.0,0.0,1.0,0.0,0.0,0.0,9.16
0.0,0.0,0.0,0.0,1.0,0.0,0.0,0.0,9.17
0.0,0.0,0.0,0.0,1.0,0.0,0.0,0.0,9.18
0.0,0.0,0.0,0.0,1.0,0.0,0.0,0.0,9.2
0.0,0.0,0.0,0.0,1.0,0.0,0.0,0.0,9.21
0.0,0.0,0.0,0.0,1.0,0.0,0.0,0.0,9.23
0.0,0.0,0.0,0.0,1.0,0.0,0.0,0.0,9.24
0.0,0.0,0.0,0.0,1.0,0.0,0.0,0.0,9.25
0.0,0.0,0.0,0.0,1.0,0.0,0.0,0.0,9.27
0.0,0.0,0.0,0.0,1.0,0.0,0.0,0.0,9.28
0.0,0.0,0.0,0.0,1.0,0.0,0.0,0.0,9.3
0.0,0.0,0.0,0.0,1.0,0.0,0.0,0.0,9.31
0.0,0.0,0.0,0.0,1.0,0.0,0.0,0.0,9.32
0.0,0.0,0.0,0.0,1.0,0.0,0.0,0.0,9.34
0.0,0.0,0.0,0.0,1.0,0.0,0.0,0.0,9.35
0.0,0.0,0.0,0.0,1.0,0.0,0.0,0.0,9.37
0.0,0.0,0.0,0.0,1.0,0.0,0.0,0.0,9.38
0.0,0.0,0.0,0.0,1.0,0.0,0.0,0.0,9.39
0.0,0.0,0.0,0.0,1.0,0.0,0.0,0.0,9.41
0.0,0.0,0.0,0.0,1.0,0.0,0.0,0.0,9.42
0.0,0.0,0.0,0.0,1.0,0.0,0.0,0.0,9.44
0.0,0.0,0.0,0.0,1.0,0.0,0.0,0.0,9.45
0.0,0.0,0.0,0.0,1.0,0.0,0.0,0.0,9.46
0.0,0.0,0.0,0.0,1.0,0.0,0.0,0.0,9.48
0.0,0.0,0.0,0.0,1.0,0.0,0.0,0.0,9.49
0.0,0.0,0.0,0.0,1.0,0.0,0.0,0.0,9.51
0.0,0.0,0.0,0.0,1.0,0.0,0.0,0.0,9.52
0.0,0.0,0.0,0.0,1.0,0.0,0.0,0.0,9.54
0.0,0.0,0.0,0.0,1.0,0.0,0.0,0.0,9.55
0.0,0.0,0.0,0.0,1.0,0.0,0.0,0.0,9.56
0.0,0.0,0.0,0.0,1.0,0.0,0.0,0.0,9.58
0.0,0.0,0.0,0.0,1.0,0.0,0.0,0.0,9.59
0.0,0.0,0.0,0.0,1.0,0.0,0.0,0.0,9.6
0.0,0.0,0.0,0.0,1.0,0.0,0.0,0.0,9.62
0.0,0.0,0.0,0.0,1.0,0.0,0.0,0.0,9.63
0.0,0.0,0.0,0.0,1.0,0.0,0.0,0.0,9.65
0.0,0.0,0.0,0.0,1.0,0.0,0.0,0.0,9.66
0.0,0.0,0.0,0.0,1.0,0.0,0.0,0.0,9.67
0.0,0.0,0.0,0.0,1.0,0.0,0.0,0.0,9.69
0.0,0.0,0.0,0.0,1.0,0.0,0.0,0.0,9.71
0.0,0.0,0.0,0.0,1.0,0.0,0.0,0.0,9.72
0.0,0.0,0.0,0.0,1.0,0.0,0.0,0.0,9.73
0.0,0.0,0.0,0.0,1.0,0.0,0.0,0.0,9.75
0.0,0.0,0.0,0.0,1.0,0.0,0.0,0.0,9.76
0.0,0.0,0.0,0.0,1.0,0.0,0.0,0.0,9.78
0.0,0.0,0.0,0.0,1.0,0.0,0.0,0.0,9.79
0.0,0.0,0.0,0.0,1.0,0.0,0.0,0.0,9.81
0.0,0.0,0.0,0.0,1.0,0.0,0.0,0.0,9.82
0.0,0.0,0.0,0.0,1.0,0.0,0.0,0.0,9.84
0.0,0.0,0.0,0.0,1.0,0.0,0.0,0.0,9.85
0.0,0.0,0.0,0.0,1.0,0.0,0.0,0.0,9.87
0.0,0.0,0.0,0.0,1.0,0.0,0.0,0.0,9.88
0.0,0.0,0.0,0.0,1.0,0.0,0.0,0.0,9.89
0.0,0.0,0.0,0.0,1.0,0.0,0.0,0.0,9.91
0.0,0.0,0.0,0.0,1.0,0.0,0.0,0.0,9.92
0.0,0.0,0.0,0.0,1.0,0.0,0.0,0.0,9.94
0.0,0.0,0.0,0.0,1.0,0.0,0.0,0.0,9.95
0.0,0.0,0.0,0.0,1.0,0.0,0.0,0.0,9.97
0.0,0.0,0.0,0.0,1.0,0.0,0.0,0.0,9.98
0.0,0.0,0.0,0.0,1.0,0.0,0.0,0.0,10.0
0.0,0.0,0.0,0.0,1.0,0.0,0.0,0.0,10.01
0.0,0.0,0.0,0.0,1.0,0.0,0.0,0.0,10.03
0.0,0.0,0.0,0.0,1.0,0.0,0.0,0.0,10.04
0.0,0.0,0.0,0.0,1.0,0.0,0.0,0.0,10.05
0.0,0.0,0.0,0.0,1.0,0.0,0.0,0.0,10.07
0.0,0.0,0.0,0.0,1.0,0.0,0.0,0.0,10.08
0.0,0.0,0.0,0.0,1.0,0.0,0.0,0.0,10.1
0.0,0.0,0.0,0.0,1.0,0.0,0.0,0.0,10.11
0.0,0.0,0.0,0.0,1.0,0.0,0.0,0.0,10.13
0.0,0.0,0.0,0.0,1.0,0.0,0.0,0.0,10.14
0.0,0.0,0.0,0.0,1.0,0.0,0.0,0.0,10.15
0.0,0.0,0.0,0.0,1.0,0.0,0.0,0.0,10.17
0.0,0.0,0.0,0.0,1.0,0.0,0.0,0.0,10.18
0.0,0.0,0.0,0.0,1.0,0.0,0.0,0.0,10.2
0.0,0.0,0.0,0.0,1.0,0.0,0.0,0.0,10.21
0.0,0.0,0.0,0.0,1.0,0.0,0.0,0.0,10.23
0.0,0.0,0.0,0.0,1.0,0.0,0.0,0.0,10.24
0.0,0.0,0.0,0.0,1.0,0.0,0.0,0.0,10.25
0.0,0.0,0.0,0.0,1.0,0.0,0.0,0.0,10.27
0.0,0.0,0.0,0.0,1.0,0.0,0.0,0.0,10.28
0.0,0.0,0.0,0.0,1.0,0.0,0.0,0.0,10.3
0.0,0.0,0.0,0.0,1.0,0.0,0.0,0.0,10.31
0.0,0.0,0.0,0.0,1.0,0.0,0.0,0.0,10.33
0.0,0.0,0.0,0.0,1.0,0.0,0.0,0.0,10.34
0.0,0.0,0.0,0.0,1.0,0.0,0.0,0.0,10.36
0.0,0.0,0.0,0.0,0.0,0.0,0.0,0.0,10.37
0.0,0.0,0.0,0.0,0.0,0.0,0.0,0.0,10.38
0.0,0.0,0.0,0.0,0.0,0.0,0.0,0.0,10.4
0.0,0.0,0.0,0.0,0.0,0.0,0.0,0.0,10.41
0.0,0.0,0.0,0.0,0.0,0.0,0.0,0.0,10.43
0.0,0.0,0.0,0.0,0.0,0.0,0.0,0.0,10.44
0.0,0.0,0.0,0.0,1.0,0.0,0.0,0.0,10.46
0.0,0.0,0.0,0.0,1.0,0.0,0.0,0.0,10.47
0.0,0.0,0.0,0.0,1.0,0.0,0.0,0.0,10.48
0.0,0.0,0.0,0.0,1.0,0.0,0.0,0.0,10.5
0.0,0.0,0.0,0.0,1.0,0.0,0.0,0.0,10.51
0.0,0.0,0.0,0.0,1.0,0.0,0.0,0.0,10.53
0.0,0.0,0.0,0.0,1.0,0.0,0.0,0.0,10.54
0.0,0.0,0.0,0.0,1.0,0.0,0.0,0.0,10.56
0.0,0.0,0.0,0.0,1.0,0.0,0.0,0.0,10.57
0.0,0.0,0.0,0.0,1.0,0.0,0.0,0.0,10.59
0.0,0.0,0.0,0.0,1.0,0.0,0.0,0.0,10.6
0.0,0.0,0.0,0.0,1.0,0.0,0.0,0.0,10.62
0.0,0.0,0.0,0.0,1.0,0.0,0.0,0.0,10.64
0.0,0.0,0.0,0.0,1.0,0.0,0.0,0.0,10.66
0.0,0.0,0.0,0.0,1.0,0.0,0.0,0.0,10.67
0.0,0.0,0.0,0.0,1.0,0.0,0.0,0.0,10.68
0.0,0.0,0.0,0.0,1.0,0.0,0.0,0.0,10.7
0.0,0.0,0.0,0.0,1.0,0.0,0.0,0.0,10.72
0.0,0.0,0.0,0.0,1.0,0.0,0.0,0.0,10.73
0.0,0.0,0.0,0.0,1.0,0.0,0.0,0.0,10.74
0.0,0.0,0.0,0.0,1.0,0.0,0.0,0.0,10.76
0.0,0.0,0.0,0.0,1.0,0.0,0.0,0.0,10.77
0.0,0.0,0.0,0.0,1.0,0.0,0.0,0.0,10.78
0.0,0.0,0.0,0.0,1.0,0.0,0.0,0.0,10.8
0.0,0.0,0.0,0.0,1.0,0.0,0.0,0.0,10.81
0.0,0.0,0.0,0.0,1.0,0.0,0.0,0.0,10.83
0.0,0.0,0.0,0.0,1.0,0.0,0.0,0.0,10.84
0.0,0.0,0.0,0.0,1.0,0.0,0.0,0.0,10.85
0.0,0.0,0.0,0.0,1.0,0.0,0.0,0.0,10.87
0.0,0.0,0.0,0.0,1.0,0.0,0.0,0.0,10.88
0.0,0.0,0.0,0.0,1.0,0.0,0.0,0.0,10.89
0.0,0.0,0.0,0.0,1.0,0.0,0.0,0.0,10.91
0.0,0.0,0.0,0.0,1.0,0.0,0.0,0.0,10.92
0.0,0.0,0.0,0.0,1.0,0.0,0.0,0.0,10.94
0.0,0.0,0.0,0.0,1.0,0.0,0.0,0.0,10.95
0.0,0.0,0.0,0.0,1.0,0.0,0.0,0.0,10.96
0.0,0.0,0.0,0.0,1.0,0.0,0.0,0.0,10.98
0.0,0.0,0.0,0.0,1.0,0.0,0.0,0.0,10.99
0.0,0.0,0.0,0.0,1.0,0.0,0.0,0.0,11.01
0.0,0.0,0.0,0.0,1.0,0.0,0.0,0.0,11.03
0.0,0.0,0.0,0.0,1.0,0.0,0.0,0.0,11.04
0.0,0.0,0.0,0.0,1.0,0.0,0.0,0.0,11.05
0.0,0.0,0.0,0.0,1.0,0.0,0.0,0.0,11.07
0.0,0.0,0.0,0.0,1.0,0.0,0.0,0.0,11.08
0.0,0.0,0.0,0.0,1.0,0.0,0.0,0.0,11.1
0.0,0.0,0.0,0.0,1.0,0.0,0.0,0.0,11.11
0.0,0.0,0.0,0.0,1.0,0.0,0.0,0.0,11.13
0.0,0.0,0.0,0.0,1.0,0.0,0.0,0.0,11.14
0.0,0.0,0.0,0.0,1.0,0.0,0.0,0.0,11.15
0.0,0.0,0.0,0.0,1.0,0.0,0.0,0.0,11.17
0.0,0.0,0.0,0.0,1.0,0.0,0.0,0.0,11.18
0.0,0.0,0.0,0.0,1.0,0.0,0.0,0.0,11.2
0.0,0.0,0.0,0.0,1.0,0.0,0.0,0.0,11.22
0.0,0.0,0.0,0.0,1.0,0.0,0.0,0.0,11.23
0.0,0.0,0.0,0.0,1.0,0.0,0.0,0.0,11.25
0.0,0.0,0.0,0.0,1.0,0.0,0.0,0.0,11.26
0.0,0.0,0.0,0.0,1.0,0.0,0.0,0.0,11.28
0.0,0.0,0.0,0.0,1.0,0.0,0.0,0.0,11.29
0.0,0.0,0.0,0.0,1.0,0.0,0.0,0.0,11.31
0.0,0.0,0.0,0.0,1.0,0.0,0.0,0.0,11.32
0.0,0.0,0.0,0.0,1.0,0.0,0.0,0.0,11.33
0.0,0.0,0.0,0.0,1.0,0.0,0.0,0.0,11.35
0.0,0.0,0.0,0.0,1.0,0.0,0.0,0.0,11.36
0.0,0.0,0.0,0.0,1.0,0.0,0.0,0.0,11.38
0.0,0.0,0.0,0.0,1.0,0.0,0.0,0.0,11.39
0.0,0.0,0.0,0.0,1.0,0.0,0.0,0.0,11.41
0.0,0.0,0.0,0.0,1.0,0.0,0.0,0.0,11.42
0.0,0.0,0.0,0.0,1.0,0.0,0.0,0.0,11.44
0.0,0.0,0.0,0.0,1.0,0.0,0.0,0.0,11.45
0.0,0.0,0.0,0.0,1.0,0.0,0.0,0.0,11.46
0.0,0.0,0.0,0.0,1.0,0.0,0.0,0.0,11.48
0.0,0.0,0.0,0.0,1.0,0.0,0.0,0.0,11.49
0.0,0.0,0.0,0.0,1.0,0.0,0.0,0.0,11.51
0.0,0.0,0.0,0.0,1.0,0.0,0.0,0.0,11.52
0.0,0.0,0.0,0.0,1.0,0.0,0.0,0.0,11.53
0.0,0.0,0.0,0.0,1.0,0.0,0.0,0.0,11.55
0.0,0.0,0.0,0.0,1.0,0.0,0.0,0.0,11.56
0.0,0.0,0.0,0.0,1.0,0.0,0.0,0.0,11.58
0.0,0.0,0.0,0.0,1.0,0.0,0.0,0.0,11.59
0.0,0.0,0.0,0.0,1.0,0.0,0.0,0.0,11.61
0.0,0.0,0.0,0.0,1.0,0.0,0.0,0.0,11.62
0.0,0.0,0.0,0.0,1.0,0.0,0.0,0.0,11.64
0.0,0.0,0.0,0.0,1.0,0.0,0.0,0.0,11.65
0.0,0.0,0.0,0.0,1.0,0.0,0.0,0.0,11.67
0.0,0.0,0.0,0.0,1.0,0.0,0.0,0.0,11.68
0.0,0.0,0.0,0.0,1.0,0.0,0.0,0.0,11.69
0.0,0.0,0.0,0.0,1.0,0.0,0.0,0.0,11.71
0.0,0.0,0.0,0.0,1.0,0.0,0.0,0.0,11.72
0.0,0.0,0.0,0.0,1.0,0.0,0.0,0.0,11.74
0.0,0.0,0.0,0.0,1.0,0.0,0.0,0.0,11.75
0.0,0.0,0.0,0.0,1.0,0.0,0.0,0.0,11.76
0.0,0.0,0.0,0.0,1.0,0.0,0.0,0.0,11.78
0.0,0.0,0.0,0.0,1.0,0.0,0.0,0.0,11.8
0.0,0.0,0.0,0.0,1.0,0.0,0.0,0.0,11.81
0.0,0.0,0.0,0.0,1.0,0.0,0.0,0.0,11.83
0.0,0.0,0.0,0.0,1.0,0.0,0.0,0.0,11.84
0.0,0.0,0.0,0.0,1.0,0.0,0.0,0.0,11.85
0.0,0.0,0.0,0.0,1.0,0.0,0.0,0.0,11.87
0.0,0.0,0.0,0.0,1.0,0.0,0.0,0.0,11.88
0.0,0.0,0.0,0.0,1.0,0.0,0.0,0.0,11.9
0.0,0.0,0.0,0.0,1.0,0.0,0.0,0.0,11.91
0.0,0.0,0.0,0.0,1.0,0.0,0.0,0.0,11.93
0.0,0.0,0.0,0.0,1.0,0.0,0.0,0.0,11.94
0.0,0.0,0.0,0.0,1.0,0.0,0.0,0.0,11.96
0.0,0.0,0.0,0.0,1.0,0.0,0.0,0.0,11.97
0.0,0.0,0.0,0.0,1.0,0.0,0.0,0.0,11.99
0.0,0.0,0.0,0.0,1.0,0.0,0.0,0.0,12.0
0.0,0.0,0.0,0.0,1.0,0.0,0.0,0.0,12.01
0.0,0.0,0.0,0.0,1.0,0.0,0.0,0.0,12.03
0.0,0.0,0.0,0.0,1.0,0.0,0.0,0.0,12.04
0.0,0.0,0.0,0.0,0.0,0.0,0.0,0.0,12.06
0.0,0.0,0.0,0.0,0.0,0.0,0.0,0.0,12.07
0.0,0.0,0.0,0.0,0.0,0.0,0.0,0.0,12.09
0.0,0.0,0.0,0.0,0.0,0.0,0.0,0.0,12.1
0.0,0.0,0.0,0.0,0.0,0.0,0.0,0.0,12.12
0.0,0.0,0.0,0.0,0.0,0.0,0.0,0.0,12.13
0.0,0.0,0.0,0.0,0.0,0.0,0.0,0.0,12.15
0.0,0.0,0.0,0.0,0.0,0.0,0.0,0.0,12.16
0.0,0.0,0.0,0.0,0.0,0.0,0.0,0.0,12.18
0.0,0.0,0.0,0.0,0.0,0.0,0.0,0.0,12.19
0.0,0.0,0.0,0.0,0.0,0.0,0.0,0.0,12.21
0.0,0.0,0.0,0.0,0.0,0.0,1.0,0.0,12.22
0.0,0.0,0.0,0.0,0.0,0.0,1.0,0.0,12.23
0.0,0.0,0.0,0.0,0.0,0.0,1.0,0.0,12.25
0.0,0.0,0.0,0.0,0.0,0.0,1.0,0.0,12.26
0.0,0.0,0.0,0.0,0.0,0.0,1.0,0.0,12.28
0.0,0.0,0.0,0.0,0.0,0.0,1.0,0.0,12.29
0.0,0.0,0.0,0.0,0.0,0.0,1.0,0.0,12.3
0.0,0.0,0.0,0.0,0.0,0.0,1.0,0.0,12.32
0.0,0.0,0.0,0.0,0.0,0.0,1.0,0.0,12.33
0.0,0.0,0.0,0.0,0.0,0.0,1.0,0.0,12.35
0.0,0.0,0.0,0.0,0.0,0.0,1.0,0.0,12.36
0.0,0.0,0.0,0.0,0.0,0.0,1.0,0.0,12.38
0.0,0.0,0.0,0.0,0.0,0.0,1.0,0.0,12.39
0.0,0.0,0.0,0.0,0.0,0.0,1.0,0.0,12.41
0.0,0.0,0.0,0.0,0.0,0.0,1.0,0.0,12.42
0.0,0.0,0.0,0.0,0.0,0.0,1.0,0.0,12.43
0.0,0.0,0.0,0.0,0.0,0.0,1.0,0.0,12.45
0.0,0.0,0.0,0.0,0.0,0.0,1.0,0.0,12.46
0.0,0.0,0.0,0.0,0.0,0.0,1.0,0.0,12.48
0.0,0.0,0.0,0.0,0.0,0.0,1.0,0.0,12.49
0.0,0.0,0.0,0.0,0.0,0.0,1.0,0.0,12.51
0.0,0.0,0.0,0.0,0.0,0.0,1.0,0.0,12.52
0.0,0.0,0.0,0.0,0.0,0.0,1.0,0.0,12.53
0.0,0.0,0.0,0.0,0.0,0.0,1.0,0.0,12.55
0.0,0.0,0.0,0.0,0.0,0.0,0.0,0.0,12.56
0.0,0.0,0.0,0.0,0.0,0.0,0.0,0.0,12.58
0.0,0.0,0.0,0.0,0.0,0.0,0.0,0.0,12.59
0.0,0.0,0.0,0.0,0.0,0.0,0.0,0.0,12.61
0.0,0.0,0.0,0.0,0.0,0.0,0.0,0.0,12.62
0.0,0.0,0.0,0.0,0.0,0.0,0.0,0.0,12.63
0.0,0.0,0.0,0.0,0.0,0.0,0.0,0.0,12.65
0.0,0.0,0.0,0.0,0.0,0.0,0.0,0.0,12.66
0.0,0.0,0.0,0.0,0.0,0.0,0.0,0.0,12.68
0.0,0.0,0.0,0.0,0.0,0.0,0.0,0.0,12.69
0.0,0.0,0.0,0.0,0.0,0.0,1.0,0.0,12.71
0.0,0.0,0.0,0.0,0.0,0.0,1.0,0.0,12.72
0.0,0.0,0.0,0.0,0.0,0.0,1.0,0.0,12.74
0.0,0.0,0.0,0.0,0.0,0.0,1.0,0.0,12.75
0.0,0.0,0.0,0.0,0.0,0.0,1.0,0.0,12.76
0.0,0.0,0.0,0.0,0.0,0.0,1.0,0.0,12.78
0.0,0.0,0.0,0.0,0.0,0.0,1.0,0.0,12.79
0.0,0.0,0.0,0.0,1.0,0.0,1.0,0.0,12.81
0.0,0.0,0.0,0.0,1.0,0.0,1.0,0.0,12.82
0.0,0.0,0.0,0.0,1.0,0.0,1.0,0.0,12.84
0.0,0.0,0.0,0.0,1.0,0.0,1.0,0.0,12.85
0.0,0.0,0.0,0.0,1.0,0.0,1.0,0.0,12.87
0.0,0.0,0.0,0.0,1.0,0.0,1.0,0.0,12.88
0.0,0.0,0.0,0.0,1.0,0.0,1.0,0.0,12.9
0.0,0.0,0.0,0.0,1.0,0.0,1.0,0.0,12.91
0.0,0.0,0.0,0.0,1.0,0.0,1.0,0.0,12.93
0.0,0.0,0.0,0.0,1.0,0.0,1.0,0.0,12.94
0.0,0.0,0.0,0.0,1.0,0.0,1.0,0.0,12.96
0.0,0.0,0.0,0.0,1.0,0.0,1.0,0.0,12.97
0.0,0.0,0.0,0.0,1.0,0.0,1.0,0.0,12.99
0.0,0.0,0.0,0.0,1.0,0.0,1.0,0.0,13.0
0.0,0.0,0.0,0.0,1.0,0.0,1.0,0.0,13.01
0.0,0.0,0.0,0.0,1.0,0.0,1.0,0.0,13.03
0.0,0.0,0.0,0.0,1.0,0.0,1.0,0.0,13.04
0.0,0.0,0.0,0.0,1.0,0.0,1.0,0.0,13.06
0.0,0.0,0.0,0.0,1.0,0.0,1.0,0.0,13.07
0.0,0.0,0.0,0.0,0.0,0.0,1.0,0.0,13.08
0.0,0.0,0.0,0.0,0.0,0.0,1.0,0.0,13.1
0.0,0.0,0.0,0.0,0.0,0.0,1.0,0.0,13.11
0.0,0.0,0.0,0.0,0.0,0.0,1.0,0.0,13.13
0.0,0.0,0.0,0.0,0.0,0.0,1.0,0.0,13.14
0.0,0.0,0.0,0.0,0.0,0.0,1.0,0.0,13.16
0.0,0.0,0.0,0.0,0.0,0.0,1.0,0.0,13.17
0.0,0.0,0.0,0.0,0.0,0.0,1.0,0.0,13.19
0.0,0.0,0.0,0.0,0.0,0.0,1.0,0.0,13.2
0.0,0.0,0.0,0.0,0.0,0.0,1.0,0.0,13.22
0.0,0.0,0.0,0.0,0.0,0.0,1.0,0.0,13.23
0.0,0.0,0.0,0.0,0.0,0.0,1.0,0.0,13.25
0.0,0.0,0.0,0.0,0.0,0.0,1.0,0.0,13.26
0.0,0.0,0.0,0.0,0.0,0.0,1.0,0.0,13.28
0.0,0.0,0.0,0.0,0.0,0.0,1.0,0.0,13.29
0.0,0.0,0.0,0.0,0.0,0.0,1.0,0.0,13.3
0.0,0.0,0.0,0.0,0.0,0.0,1.0,0.0,13.32
0.0,0.0,0.0,0.0,0.0,0.0,1.0,0.0,13.33
0.0,0.0,0.0,0.0,0.0,0.0,1.0,0.0,13.35
0.0,0.0,0.0,0.0,0.0,0.0,1.0,0.0,13.36
0.0,0.0,0.0,0.0,0.0,0.0,1.0,0.0,13.38
0.0,0.0,0.0,0.0,0.0,0.0,1.0,0.0,13.39
0.0,0.0,0.0,0.0,0.0,0.0,1.0,0.0,13.41
0.0,0.0,0.0,0.0,0.0,0.0,1.0,0.0,13.43
0.0,0.0,0.0,0.0,0.0,0.0,1.0,0.0,13.44
0.0,0.0,0.0,0.0,0.0,0.0,0.0,0.0,13.45
0.0,0.0,0.0,0.0,0.0,0.0,0.0,0.0,13.47
0.0,0.0,0.0,0.0,0.0,0.0,0.0,0.0,13.48
0.0,0.0,0.0,0.0,0.0,0.0,0.0,0.0,13.5
0.0,0.0,0.0,0.0,0.0,0.0,0.0,0.0,13.51
0.0,0.0,0.0,0.0,0.0,0.0,0.0,0.0,13.53
0.0,0.0,0.0,0.0,0.0,0.0,0.0,0.0,13.54
0.0,0.0,0.0,0.0,0.0,0.0,0.0,0.0,13.56
0.0,0.0,0.0,0.0,0.0,0.0,0.0,0.0,13.57
0.0,0.0,0.0,0.0,0.0,0.0,0.0,0.0,13.59
0.0,0.0,0.0,0.0,0.0,0.0,0.0,0.0,13.6
0.0,0.0,0.0,0.0,0.0,0.0,0.0,0.0,13.62
0.0,0.0,0.0,0.0,0.0,0.0,0.0,0.0,13.63
0.0,0.0,0.0,0.0,0.0,0.0,0.0,0.0,13.65
0.0,0.0,0.0,0.0,0.0,0.0,0.0,0.0,13.66
0.0,0.0,0.0,0.0,0.0,0.0,0.0,0.0,13.68
0.0,0.0,0.0,0.0,0.0,0.0,0.0,0.0,13.69
0.0,0.0,0.0,0.0,0.0,0.0,0.0,0.0,13.7
0.0,0.0,0.0,0.0,0.0,0.0,0.0,0.0,13.72
0.0,0.0,0.0,0.0,0.0,0.0,0.0,0.0,13.73
0.0,0.0,0.0,0.0,0.0,0.0,0.0,0.0,13.75
0.0,0.0,0.0,0.0,0.0,0.0,0.0,0.0,13.76
0.0,0.0,0.0,0.0,0.0,0.0,0.0,0.0,13.78
0.0,0.0,0.0,0.0,0.0,0.0,0.0,0.0,13.79
0.0,0.0,0.0,0.0,0.0,0.0,0.0,0.0,13.81
0.0,0.0,0.0,0.0,0.0,0.0,0.0,0.0,13.82
0.0,0.0,0.0,0.0,0.0,0.0,0.0,0.0,13.84
0.0,0.0,0.0,0.0,0.0,0.0,0.0,0.0,13.85
0.0,0.0,0.0,0.0,0.0,0.0,0.0,0.0,13.87
0.0,0.0,0.0,0.0,0.0,0.0,0.0,0.0,13.88
0.0,0.0,0.0,0.0,0.0,0.0,0.0,0.0,13.9
0.0,0.0,0.0,0.0,0.0,0.0,0.0,0.0,13.91
0.0,0.0,0.0,0.0,0.0,0.0,0.0,0.0,13.93
0.0,0.0,0.0,0.0,0.0,0.0,0.0,0.0,13.94
0.0,0.0,0.0,0.0,0.0,0.0,0.0,0.0,13.96
0.0,0.0,0.0,0.0,0.0,0.0,0.0,0.0,13.97
0.0,0.0,0.0,0.0,1.0,0.0,0.0,0.0,13.99
0.0,0.0,0.0,0.0,1.0,0.0,1.0,0.0,14.0
0.0,0.0,0.0,0.0,1.0,0.0,1.0,0.0,14.03
0.0,0.0,0.0,0.0,1.0,0.0,1.0,0.0,14.04
0.0,0.0,0.0,0.0,1.0,0.0,1.0,0.0,14.05
0.0,0.0,0.0,0.0,1.0,0.0,1.0,0.0,14.07
0.0,0.0,0.0,0.0,1.0,0.0,1.0,0.0,14.09
0.0,0.0,0.0,0.0,1.0,0.0,1.0,0.0,14.1
0.0,0.0,0.0,0.0,1.0,0.0,1.0,0.0,14.12
0.0,0.0,0.0,0.0,1.0,0.0,1.0,0.0,14.13
0.0,0.0,0.0,0.0,1.0,0.0,1.0,0.0,14.15
0.0,0.0,0.0,0.0,1.0,0.0,1.0,0.0,14.17
0.0,0.0,0.0,0.0,1.0,0.0,1.0,0.0,14.18
0.0,0.0,0.0,0.0,1.0,0.0,1.0,0.0,14.2
0.0,0.0,0.0,0.0,1.0,0.0,1.0,0.0,14.21
0.0,0.0,0.0,0.0,1.0,0.0,1.0,0.0,14.23
0.0,0.0,0.0,0.0,1.0,0.0,1.0,0.0,14.24
0.0,0.0,0.0,0.0,1.0,0.0,1.0,0.0,14.26
0.0,0.0,0.0,0.0,1.0,0.0,1.0,0.0,14.27
0.0,0.0,0.0,0.0,1.0,0.0,1.0,0.0,14.29
0.0,0.0,0.0,0.0,1.0,0.0,1.0,0.0,14.3
0.0,0.0,0.0,0.0,1.0,0.0,1.0,0.0,14.32
0.0,0.0,0.0,0.0,1.0,0.0,1.0,0.0,14.33
0.0,0.0,0.0,0.0,1.0,0.0,1.0,0.0,14.35
0.0,0.0,0.0,0.0,1.0,0.0,1.0,0.0,14.36
0.0,0.0,0.0,0.0,1.0,0.0,1.0,0.0,14.38
0.0,0.0,0.0,0.0,1.0,0.0,1.0,0.0,14.39
0.0,0.0,0.0,0.0,1.0,0.0,1.0,0.0,14.41
0.0,0.0,0.0,0.0,1.0,0.0,1.0,0.0,14.42
0.0,0.0,0.0,0.0,1.0,0.0,1.0,0.0,14.44
0.0,0.0,0.0,0.0,1.0,0.0,1.0,0.0,14.45
0.0,0.0,0.0,0.0,1.0,0.0,1.0,0.0,14.47
